/*--------------------------------*- C++ -*----------------------------------*\
| =========                 |                                                 |
| \\      /  F ield         | OpenFOAM: The Open Source CFD Toolbox           |
|  \\    /   O peration     | Version:  2506                                  |
|   \\  /    A nd           | Website:  www.openfoam.com                      |
|    \\/     M anipulation  |                                                 |
\*---------------------------------------------------------------------------*/
FoamFile
{
    version     2.0;
    format      ascii;
    arch        "LSB;label=32;scalar=64";
    class       volVectorField;
    location    "0.002";
    object      Us;
}
// * * * * * * * * * * * * * * * * * * * * * * * * * * * * * * * * * * * * * //

dimensions      [0 1 -1 0 0 0 0];

internalField   uniform (0 0 0);

boundaryField
{
    wall
    {
        type            zeroGradient;
    }
    outlet
    {
        type            cyclic;
    }
    inlet
    {
        type            cyclic;
    }
    procBoundary2to1
    {
        type            processor;
        value           uniform (0 0 0);
    }
    procBoundary2to3
    {
        type            processor;
        value           nonuniform List<vector> 
256
(
(0 0 0)
(0 0 0)
(0 0 -0.108732)
(0 0 0)
(0 0 0)
(0 0 0)
(0 0 0)
(0 0 0)
(0 0 0)
(0 0 0)
(0 0 0)
(0 0 0)
(0 0 0)
(0 0 0)
(0 0 0)
(0 0 0)
(0 0 0)
(0 0 0)
(0 0 0)
(0 0 0)
(0 0 0)
(0 0 0)
(0 0 0)
(0 0 0)
(0 0 0)
(0 0 0)
(0 0 0)
(0 0 0)
(0 0 0)
(0 0 0)
(0 0 0)
(0 0 0)
(0 0 0)
(0 0 0)
(0 0 0)
(0 0 0)
(0 0 0)
(0 0 0)
(0 0 0)
(0 0 0)
(0 0 0)
(0 0 0)
(0 0 0)
(0 0 0)
(0 0 0)
(0 0 -0.16402)
(0 0 0)
(0 0 0)
(0 0 0)
(0 0 0)
(0 0 0)
(0 0 0)
(0 0 0)
(0 0 0)
(0 0 0)
(0 0 0)
(0 0 0)
(0 0 0)
(0 0 0)
(0 0 0)
(0 0 0)
(0 0 0)
(0 0 0)
(0 0 0)
(0 0 0)
(0 0 0)
(0 0 0)
(0 0 0)
(0 0 0)
(0 0 0)
(0 0 0)
(0 0 0)
(0 0 0)
(0 0 0)
(0 0 0)
(0 0 0)
(0 0 0)
(0 0 0)
(0 0 0)
(0 0 0)
(0 0 0)
(0 0 -0.150879)
(0 0 0)
(0 0 0)
(0 0 0)
(0 0 0)
(0 0 0)
(0 0 0)
(0 0 0)
(0 0 0)
(0 0 0)
(0 0 0)
(0 0 0)
(0 0 0)
(0 0 0)
(0 0 0)
(0 0 0)
(0 0 0)
(0 0 0)
(0 0 0)
(0 0 0)
(0 0 0)
(0 0 0)
(0 0 0)
(0 0 0)
(0 0 0)
(0 0 0)
(0 0 0)
(0 0 0)
(0 0 0)
(0 0 0)
(0 0 0)
(0 0 0)
(0 0 0)
(0 0 0)
(0 0 0)
(0 0 0)
(0 0 0)
(0 0 0)
(0 0 0)
(0 0 0)
(0 0 0)
(0 0 0)
(0 0 0)
(0 0 0)
(0 0 -0.103099)
(0 0 0)
(0 0 0)
(0 0 0)
(0 0 0)
(0 0 0)
(0 0 0)
(0 0 -0.171976)
(0 0 0)
(0 0 0)
(0 0 0)
(0 0 0)
(0 0 0)
(0 0 0)
(0 0 0)
(0 0 0)
(0 0 0)
(0 0 0)
(0 0 0)
(0 0 0)
(0 0 0)
(0 0 -0.0994907)
(0 0 0)
(0 0 0)
(0 0 0)
(0 0 0)
(0 0 0)
(0 0 0)
(0 0 0)
(0 0 0)
(0 0 0)
(0 0 0)
(0 0 0)
(0 0 0)
(0 0 0)
(0 0 0)
(0 0 0)
(0 0 0)
(0 0 0)
(0 0 0)
(0 0 0)
(0 0 -0.183637)
(0 0 0)
(0 0 0)
(0 0 0)
(0 0 0)
(0 0 0)
(0 0 0)
(0 0 0)
(0 0 0)
(0 0 0)
(0 0 0)
(0 0 0)
(0 0 0)
(0 0 0)
(0 0 0)
(0 0 0)
(0 0 0)
(0 0 0)
(0 0 -0.152876)
(0 0 0)
(0 0 0)
(0 0 0)
(0 0 0)
(0 0 0)
(0 0 0)
(0 0 0)
(0 0 0)
(0 0 0)
(0 0 0)
(0 0 0)
(0 0 0)
(0 0 0)
(0 0 0)
(0 0 0)
(0 0 0)
(0 0 0)
(0 0 0)
(0 0 0)
(0 0 0)
(0 0 0)
(0 0 -0.122044)
(0 0 0)
(0 0 0)
(0 0 0)
(0 0 0)
(0 0 0)
(0 0 0)
(0 0 0)
(0 0 0)
(0 0 0)
(0 0 0)
(0 0 0)
(0 0 0)
(0 0 0)
(0 0 0)
(0 0 0)
(0 0 0)
(0 0 0)
(0 0 0)
(0 0 0)
(0 0 0)
(0 0 0)
(0 0 0)
(0 0 0)
(0 0 0)
(0 0 0)
(0 0 0)
(0 0 0)
(0 0 0)
(0 0 0)
(0 0 0)
(0 0 0)
(0 0 0)
(0 0 0)
(0 0 0)
(0 0 0)
(0 0 0)
(0 0 0)
(0 0 0)
(0 0 0)
(0 0 0)
(0 0 0)
(0 0 0)
(0 0 0)
(0 0 0)
(0 0 0)
(0 0 -0.157928)
(0 0 0)
(0 0 0)
(0 0 0)
)
;
    }
}


// ************************************************************************* //
