/*--------------------------------*- C++ -*----------------------------------*\
| =========                 |                                                 |
| \\      /  F ield         | OpenFOAM: The Open Source CFD Toolbox           |
|  \\    /   O peration     | Version:  2506                                  |
|   \\  /    A nd           | Website:  www.openfoam.com                      |
|    \\/     M anipulation  |                                                 |
\*---------------------------------------------------------------------------*/
FoamFile
{
    version     2.0;
    format      ascii;
    arch        "LSB;label=32;scalar=64";
    class       labelList;
    location    "constant/polyMesh";
    object      faceProcAddressing;
}
// * * * * * * * * * * * * * * * * * * * * * * * * * * * * * * * * * * * * * //


1872
(
1
2
3
4
5
6
7
8
9
10
11
12
13
14
15
16
17
18
19
20
21
22
23
24
25
26
27
28
29
30
31
32
33
34
35
36
37
38
39
40
41
42
43
44
45
46
47
48
49
50
51
52
53
54
55
56
57
58
59
60
61
62
63
64
65
66
67
68
69
70
71
72
73
74
75
76
77
78
79
80
81
82
83
84
85
86
87
88
89
90
91
92
93
94
95
96
97
98
99
100
101
102
103
104
105
106
107
108
109
110
111
112
113
114
115
116
117
118
119
120
121
122
123
124
125
126
127
128
129
130
131
132
133
134
135
136
137
138
139
140
141
142
143
144
145
146
147
148
149
150
151
152
153
154
155
156
157
158
159
160
161
162
163
164
165
166
167
168
169
170
171
172
173
174
175
176
177
178
179
180
181
182
183
184
185
186
187
188
189
190
191
192
193
194
195
196
197
198
199
200
201
202
203
204
205
206
207
208
209
210
211
212
213
214
215
216
217
218
219
220
221
222
223
224
225
226
227
228
229
230
231
232
233
234
235
236
237
238
239
240
241
242
243
244
245
246
247
248
249
250
251
252
253
254
255
256
257
258
259
260
261
262
263
264
265
266
267
268
269
270
271
272
273
274
275
276
277
278
279
280
281
282
283
284
285
286
287
288
289
290
291
292
293
294
295
296
297
298
299
300
301
302
303
304
305
306
307
308
309
310
311
312
313
314
315
316
317
318
319
320
321
322
323
324
325
326
327
328
329
330
331
332
333
334
335
336
337
338
339
340
341
342
343
344
345
346
347
348
349
350
351
352
353
354
355
356
357
358
359
360
361
362
363
364
365
366
367
368
369
370
371
372
373
374
375
376
377
378
379
380
381
382
383
384
385
386
387
388
389
390
391
392
393
394
395
396
397
398
399
400
401
402
403
404
405
406
407
408
409
410
411
412
413
414
415
416
417
418
419
420
421
422
423
424
425
426
427
428
429
430
431
432
433
434
435
436
437
438
439
440
441
442
443
444
445
446
447
448
449
450
451
452
453
454
455
456
457
458
459
460
461
462
463
464
465
466
467
468
469
470
471
472
473
474
475
476
477
478
479
480
481
482
483
484
485
486
487
488
489
490
491
492
493
494
495
496
497
498
499
500
501
502
503
504
505
506
507
508
509
510
511
512
513
514
515
516
517
518
519
520
521
522
523
524
525
526
527
528
529
530
531
532
533
534
535
536
537
538
539
540
541
542
543
544
545
546
547
548
549
550
551
552
553
554
555
556
557
558
559
560
561
562
563
564
565
566
567
568
569
570
571
572
573
574
575
576
577
578
579
580
581
582
583
584
585
586
587
588
589
590
591
592
593
594
595
596
597
598
599
600
601
602
603
604
605
606
607
608
609
610
611
612
613
614
615
616
617
618
619
620
621
622
623
624
625
626
627
628
629
630
631
632
633
634
635
636
637
638
639
640
641
642
643
644
645
646
647
648
649
650
651
652
653
654
655
656
657
658
659
660
661
662
663
664
665
666
667
668
669
670
671
672
673
674
675
676
677
678
679
680
681
682
683
684
685
686
687
688
689
690
691
692
693
694
695
696
697
698
699
700
701
702
703
704
705
706
707
708
709
710
711
712
713
714
715
716
717
718
719
720
721
722
723
724
725
726
727
728
729
730
732
733
735
736
738
739
741
742
744
745
747
748
750
751
753
754
756
757
759
760
762
763
765
766
768
769
771
772
774
775
777
778
780
781
783
784
786
787
789
790
792
793
795
796
798
799
801
802
804
805
807
808
810
811
813
814
816
817
819
820
822
824
825
827
828
830
831
833
834
836
837
839
840
842
843
845
846
848
849
851
852
854
855
857
858
860
861
863
864
866
867
869
870
872
873
875
876
878
879
881
882
884
885
887
888
890
891
893
894
896
897
899
900
902
903
905
906
908
909
911
912
914
915
917
919
920
922
923
925
926
928
929
931
932
934
935
937
938
940
941
943
944
946
947
949
950
952
953
955
956
958
959
961
962
964
965
967
968
970
971
973
974
976
977
979
980
982
983
985
986
988
989
991
992
994
995
997
998
1000
1001
1003
1004
1006
1007
1009
1010
1012
1014
1015
1017
1018
1020
1021
1023
1024
1026
1027
1029
1030
1032
1033
1035
1036
1038
1039
1041
1042
1044
1045
1047
1048
1050
1051
1053
1054
1056
1057
1059
1060
1062
1063
1065
1066
1068
1069
1071
1072
1074
1075
1077
1078
1080
1081
1083
1084
1086
1087
1089
1090
1092
1093
1095
1096
1098
1099
1101
1102
1104
1105
1107
1109
1110
1112
1113
1115
1116
1118
1119
1121
1122
1124
1125
1127
1128
1130
1131
1133
1134
1136
1137
1139
1140
1142
1143
1145
1146
1148
1149
1151
1152
1154
1155
1157
1158
1160
1161
1163
1164
1166
1167
1169
1170
1172
1173
1175
1176
1178
1179
1181
1182
1184
1185
1187
1188
1190
1191
1193
1194
1196
1197
1199
1200
1202
1204
1205
1207
1208
1210
1211
1213
1214
1216
1217
1219
1220
1222
1223
1225
1226
1228
1229
1231
1232
1234
1235
1237
1238
1240
1241
1243
1244
1246
1247
1249
1250
1252
1253
1255
1256
1258
1259
1261
1262
1264
1265
1267
1268
1270
1271
1273
1274
1276
1277
1279
1280
1282
1283
1285
1286
1288
1289
1291
1292
1294
1295
1297
1299
1300
1302
1303
1305
1306
1308
1309
1311
1312
1314
1315
1317
1318
1320
1321
1323
1324
1326
1327
1329
1330
1332
1333
1335
1336
1338
1339
1341
1342
1344
1345
1347
1348
1350
1351
1353
1354
1356
1357
1359
1360
1362
1363
1365
1366
1368
1369
1371
1372
1374
1375
1377
1378
1380
1381
1383
1384
1386
1387
1389
1390
1392
1394
1396
1398
1400
1402
1404
1406
1408
1410
1412
1414
1416
1418
1420
1422
1424
1426
1428
1430
1432
1434
1436
1438
1440
1442
1444
1446
1448
1450
1452
1454
5569
5570
5571
5572
5573
5574
5575
5576
5577
5578
5579
5580
5581
5582
5583
5584
5585
5586
5587
5588
5589
5590
5591
5592
5593
5594
5595
5596
5597
5598
5599
5600
5601
5602
5603
5604
5605
5606
5607
5608
5609
5610
5611
5612
5613
5614
5615
5616
5617
5618
5619
5620
5621
5622
5623
5624
5625
5626
5627
5628
5629
5630
5631
5632
5633
5634
5635
5636
5637
5638
5639
5640
5641
5642
5643
5644
5645
5646
5647
5648
5649
5650
5651
5652
5653
5654
5655
5656
5657
5658
5659
5660
5661
5662
5663
5664
5665
5666
5667
5668
5669
5670
5671
5672
5673
5674
5675
5676
5677
5678
5679
5680
5681
5682
5683
5684
5685
5686
5687
5688
5689
5690
5691
5692
5693
5694
5695
5696
5697
5698
5699
5700
5701
5702
5703
5704
5705
5706
5707
5708
5709
5710
5711
5712
5713
5714
5715
5716
5717
5718
5719
5720
5721
5722
5723
5724
5725
5726
5727
5728
5729
5730
5731
5732
5733
5734
5735
5736
5737
5738
5739
5740
5741
5742
5743
5744
5745
5746
5747
5748
5749
5750
5751
5752
5753
5754
5755
5756
5757
5758
5759
5760
5761
5762
5763
5764
5765
5766
5767
5768
5769
5770
5771
5772
5773
5774
5775
5776
5777
5778
5779
5780
5781
5782
5783
5784
5785
5786
5787
5788
5789
5790
5791
5792
5793
5794
5795
5796
5797
5798
5799
5800
5801
5802
5803
5804
5805
5806
5807
5808
5809
5810
5811
5812
5813
5814
5815
5816
5817
5818
5819
5820
5821
5822
5823
5824
6081
6082
6089
6090
6097
6098
6105
6106
6113
6114
6121
6122
6129
6130
6137
6138
6145
6146
6153
6154
6161
6162
6169
6170
6177
6178
6185
6186
6193
6194
6201
6202
6209
6210
6217
6218
6225
6226
6233
6234
6241
6242
6249
6250
6257
6258
6265
6266
6273
6274
6281
6282
6289
6290
6297
6298
6305
6306
6313
6314
6321
6322
6329
6330
6337
6338
6345
6346
6353
6354
6361
6362
6369
6370
6377
6378
6385
6386
6393
6394
6401
6402
6409
6410
6417
6418
6425
6426
6433
6434
6441
6442
6449
6450
6457
6458
6465
6466
6473
6474
6481
6482
6489
6490
6497
6498
6505
6506
6513
6514
6521
6522
6529
6530
6537
6538
6545
6546
6553
6554
6561
6562
6569
6570
6577
6578
6585
6586
6593
6594
6595
6596
6597
6598
6599
6600
6601
6602
6603
6604
6605
6606
6607
6608
6657
6658
6659
6660
6661
6662
6663
6664
6665
6666
6667
6668
6669
6670
6671
6672
731
734
737
740
743
746
749
752
755
758
761
764
767
770
773
776
779
782
785
788
791
794
797
800
803
806
809
812
815
818
821
823
826
829
832
835
838
841
844
847
850
853
856
859
862
865
868
871
874
877
880
883
886
889
892
895
898
901
904
907
910
913
916
918
921
924
927
930
933
936
939
942
945
948
951
954
957
960
963
966
969
972
975
978
981
984
987
990
993
996
999
1002
1005
1008
1011
1013
1016
1019
1022
1025
1028
1031
1034
1037
1040
1043
1046
1049
1052
1055
1058
1061
1064
1067
1070
1073
1076
1079
1082
1085
1088
1091
1094
1097
1100
1103
1106
1108
1111
1114
1117
1120
1123
1126
1129
1132
1135
1138
1141
1144
1147
1150
1153
1156
1159
1162
1165
1168
1171
1174
1177
1180
1183
1186
1189
1192
1195
1198
1201
1203
1206
1209
1212
1215
1218
1221
1224
1227
1230
1233
1236
1239
1242
1245
1248
1251
1254
1257
1260
1263
1266
1269
1272
1275
1278
1281
1284
1287
1290
1293
1296
1298
1301
1304
1307
1310
1313
1316
1319
1322
1325
1328
1331
1334
1337
1340
1343
1346
1349
1352
1355
1358
1361
1364
1367
1370
1373
1376
1379
1382
1385
1388
1391
1393
1395
1397
1399
1401
1403
1405
1407
1409
1411
1413
1415
1417
1419
1421
1423
1425
1427
1429
1431
1433
1435
1437
1439
1441
1443
1445
1447
1449
1451
1453
1455
1456
)


// ************************************************************************* //
