/*--------------------------------*- C++ -*----------------------------------*\
| =========                 |                                                 |
| \\      /  F ield         | OpenFOAM: The Open Source CFD Toolbox           |
|  \\    /   O peration     | Version:  2506                                  |
|   \\  /    A nd           | Website:  www.openfoam.com                      |
|    \\/     M anipulation  |                                                 |
\*---------------------------------------------------------------------------*/
FoamFile
{
    version     2.0;
    format      ascii;
    arch        "LSB;label=32;scalar=64";
    note        "nPoints:891  nCells:512  nFaces:1872  nInternalFaces:1200";
    class       labelList;
    location    "constant/polyMesh";
    object      neighbour;
}
// * * * * * * * * * * * * * * * * * * * * * * * * * * * * * * * * * * * * * //


1200
(
1
32
256
2
33
257
3
34
258
4
35
259
5
36
260
6
37
261
7
38
262
8
39
263
9
40
264
10
41
265
11
42
266
12
43
267
13
44
268
14
45
269
15
46
270
16
47
271
17
48
272
18
49
273
19
50
274
20
51
275
21
52
276
22
53
277
23
54
278
24
55
279
25
56
280
26
57
281
27
58
282
28
59
283
29
60
284
30
61
285
31
62
286
63
287
33
64
288
34
65
289
35
66
290
36
67
291
37
68
292
38
69
293
39
70
294
40
71
295
41
72
296
42
73
297
43
74
298
44
75
299
45
76
300
46
77
301
47
78
302
48
79
303
49
80
304
50
81
305
51
82
306
52
83
307
53
84
308
54
85
309
55
86
310
56
87
311
57
88
312
58
89
313
59
90
314
60
91
315
61
92
316
62
93
317
63
94
318
95
319
65
96
320
66
97
321
67
98
322
68
99
323
69
100
324
70
101
325
71
102
326
72
103
327
73
104
328
74
105
329
75
106
330
76
107
331
77
108
332
78
109
333
79
110
334
80
111
335
81
112
336
82
113
337
83
114
338
84
115
339
85
116
340
86
117
341
87
118
342
88
119
343
89
120
344
90
121
345
91
122
346
92
123
347
93
124
348
94
125
349
95
126
350
127
351
97
128
352
98
129
353
99
130
354
100
131
355
101
132
356
102
133
357
103
134
358
104
135
359
105
136
360
106
137
361
107
138
362
108
139
363
109
140
364
110
141
365
111
142
366
112
143
367
113
144
368
114
145
369
115
146
370
116
147
371
117
148
372
118
149
373
119
150
374
120
151
375
121
152
376
122
153
377
123
154
378
124
155
379
125
156
380
126
157
381
127
158
382
159
383
129
160
384
130
161
385
131
162
386
132
163
387
133
164
388
134
165
389
135
166
390
136
167
391
137
168
392
138
169
393
139
170
394
140
171
395
141
172
396
142
173
397
143
174
398
144
175
399
145
176
400
146
177
401
147
178
402
148
179
403
149
180
404
150
181
405
151
182
406
152
183
407
153
184
408
154
185
409
155
186
410
156
187
411
157
188
412
158
189
413
159
190
414
191
415
161
192
416
162
193
417
163
194
418
164
195
419
165
196
420
166
197
421
167
198
422
168
199
423
169
200
424
170
201
425
171
202
426
172
203
427
173
204
428
174
205
429
175
206
430
176
207
431
177
208
432
178
209
433
179
210
434
180
211
435
181
212
436
182
213
437
183
214
438
184
215
439
185
216
440
186
217
441
187
218
442
188
219
443
189
220
444
190
221
445
191
222
446
223
447
193
224
448
194
225
449
195
226
450
196
227
451
197
228
452
198
229
453
199
230
454
200
231
455
201
232
456
202
233
457
203
234
458
204
235
459
205
236
460
206
237
461
207
238
462
208
239
463
209
240
464
210
241
465
211
242
466
212
243
467
213
244
468
214
245
469
215
246
470
216
247
471
217
248
472
218
249
473
219
250
474
220
251
475
221
252
476
222
253
477
223
254
478
255
479
225
480
226
481
227
482
228
483
229
484
230
485
231
486
232
487
233
488
234
489
235
490
236
491
237
492
238
493
239
494
240
495
241
496
242
497
243
498
244
499
245
500
246
501
247
502
248
503
249
504
250
505
251
506
252
507
253
508
254
509
255
510
511
257
288
258
289
259
290
260
291
261
292
262
293
263
294
264
295
265
296
266
297
267
298
268
299
269
300
270
301
271
302
272
303
273
304
274
305
275
306
276
307
277
308
278
309
279
310
280
311
281
312
282
313
283
314
284
315
285
316
286
317
287
318
319
289
320
290
321
291
322
292
323
293
324
294
325
295
326
296
327
297
328
298
329
299
330
300
331
301
332
302
333
303
334
304
335
305
336
306
337
307
338
308
339
309
340
310
341
311
342
312
343
313
344
314
345
315
346
316
347
317
348
318
349
319
350
351
321
352
322
353
323
354
324
355
325
356
326
357
327
358
328
359
329
360
330
361
331
362
332
363
333
364
334
365
335
366
336
367
337
368
338
369
339
370
340
371
341
372
342
373
343
374
344
375
345
376
346
377
347
378
348
379
349
380
350
381
351
382
383
353
384
354
385
355
386
356
387
357
388
358
389
359
390
360
391
361
392
362
393
363
394
364
395
365
396
366
397
367
398
368
399
369
400
370
401
371
402
372
403
373
404
374
405
375
406
376
407
377
408
378
409
379
410
380
411
381
412
382
413
383
414
415
385
416
386
417
387
418
388
419
389
420
390
421
391
422
392
423
393
424
394
425
395
426
396
427
397
428
398
429
399
430
400
431
401
432
402
433
403
434
404
435
405
436
406
437
407
438
408
439
409
440
410
441
411
442
412
443
413
444
414
445
415
446
447
417
448
418
449
419
450
420
451
421
452
422
453
423
454
424
455
425
456
426
457
427
458
428
459
429
460
430
461
431
462
432
463
433
464
434
465
435
466
436
467
437
468
438
469
439
470
440
471
441
472
442
473
443
474
444
475
445
476
446
477
447
478
479
449
480
450
481
451
482
452
483
453
484
454
485
455
486
456
487
457
488
458
489
459
490
460
491
461
492
462
493
463
494
464
495
465
496
466
497
467
498
468
499
469
500
470
501
471
502
472
503
473
504
474
505
475
506
476
507
477
508
478
509
479
510
511
481
482
483
484
485
486
487
488
489
490
491
492
493
494
495
496
497
498
499
500
501
502
503
504
505
506
507
508
509
510
511
)


// ************************************************************************* //
