/*--------------------------------*- C++ -*----------------------------------*\
| =========                 |                                                 |
| \\      /  F ield         | OpenFOAM: The Open Source CFD Toolbox           |
|  \\    /   O peration     | Version:  2506                                  |
|   \\  /    A nd           | Website:  www.openfoam.com                      |
|    \\/     M anipulation  |                                                 |
\*---------------------------------------------------------------------------*/
FoamFile
{
    version     2.0;
    format      ascii;
    arch        "LSB;label=32;scalar=64";
    class       labelList;
    location    "constant/polyMesh";
    object      faceProcAddressing;
}
// * * * * * * * * * * * * * * * * * * * * * * * * * * * * * * * * * * * * * //


1872
(
1457
1458
1459
1460
1461
1462
1463
1464
1465
1466
1467
1468
1469
1470
1471
1472
1473
1474
1475
1476
1477
1478
1479
1480
1481
1482
1483
1484
1485
1486
1487
1488
1489
1490
1491
1492
1493
1494
1495
1496
1497
1498
1499
1500
1501
1502
1503
1504
1505
1506
1507
1508
1509
1510
1511
1512
1513
1514
1515
1516
1517
1518
1519
1520
1521
1522
1523
1524
1525
1526
1527
1528
1529
1530
1531
1532
1533
1534
1535
1536
1537
1538
1539
1540
1541
1542
1543
1544
1545
1546
1547
1548
1549
1550
1551
1552
1553
1554
1555
1556
1557
1558
1559
1560
1561
1562
1563
1564
1565
1566
1567
1568
1569
1570
1571
1572
1573
1574
1575
1576
1577
1578
1579
1580
1581
1582
1583
1584
1585
1586
1587
1588
1589
1590
1591
1592
1593
1594
1595
1596
1597
1598
1599
1600
1601
1602
1603
1604
1605
1606
1607
1608
1609
1610
1611
1612
1613
1614
1615
1616
1617
1618
1619
1620
1621
1622
1623
1624
1625
1626
1627
1628
1629
1630
1631
1632
1633
1634
1635
1636
1637
1638
1639
1640
1641
1642
1643
1644
1645
1646
1647
1648
1649
1650
1651
1652
1653
1654
1655
1656
1657
1658
1659
1660
1661
1662
1663
1664
1665
1666
1667
1668
1669
1670
1671
1672
1673
1674
1675
1676
1677
1678
1679
1680
1681
1682
1683
1684
1685
1686
1687
1688
1689
1690
1691
1692
1693
1694
1695
1696
1697
1698
1699
1700
1701
1702
1703
1704
1705
1706
1707
1708
1709
1710
1711
1712
1713
1714
1715
1716
1717
1718
1719
1720
1721
1722
1723
1724
1725
1726
1727
1728
1729
1730
1731
1732
1733
1734
1735
1736
1737
1738
1739
1740
1741
1742
1743
1744
1745
1746
1747
1748
1749
1750
1751
1752
1753
1754
1755
1756
1757
1758
1759
1760
1761
1762
1763
1764
1765
1766
1767
1768
1769
1770
1771
1772
1773
1774
1775
1776
1777
1778
1779
1780
1781
1782
1783
1784
1785
1786
1787
1788
1789
1790
1791
1792
1793
1794
1795
1796
1797
1798
1799
1800
1801
1802
1803
1804
1805
1806
1807
1808
1809
1810
1811
1812
1813
1814
1815
1816
1817
1818
1819
1820
1821
1822
1823
1824
1825
1826
1827
1828
1829
1830
1831
1832
1833
1834
1835
1836
1837
1838
1839
1840
1841
1842
1843
1844
1845
1846
1847
1848
1849
1850
1851
1852
1853
1854
1855
1856
1857
1858
1859
1860
1861
1862
1863
1864
1865
1866
1867
1868
1869
1870
1871
1872
1873
1874
1875
1876
1877
1878
1879
1880
1881
1882
1883
1884
1885
1886
1887
1888
1889
1890
1891
1892
1893
1894
1895
1896
1897
1898
1899
1900
1901
1902
1903
1904
1905
1906
1907
1908
1909
1910
1911
1912
1913
1914
1915
1916
1917
1918
1919
1920
1921
1922
1923
1924
1925
1926
1927
1928
1929
1930
1931
1932
1933
1934
1935
1936
1937
1938
1939
1940
1941
1942
1943
1944
1945
1946
1947
1948
1949
1950
1951
1952
1953
1954
1955
1956
1957
1958
1959
1960
1961
1962
1963
1964
1965
1966
1967
1968
1969
1970
1971
1972
1973
1974
1975
1976
1977
1978
1979
1980
1981
1982
1983
1984
1985
1986
1987
1988
1989
1990
1991
1992
1993
1994
1995
1996
1997
1998
1999
2000
2001
2002
2003
2004
2005
2006
2007
2008
2009
2010
2011
2012
2013
2014
2015
2016
2017
2018
2019
2020
2021
2022
2023
2024
2025
2026
2027
2028
2029
2030
2031
2032
2033
2034
2035
2036
2037
2038
2039
2040
2041
2042
2043
2044
2045
2046
2047
2048
2049
2050
2051
2052
2053
2054
2055
2056
2057
2058
2059
2060
2061
2062
2063
2064
2065
2066
2067
2068
2069
2070
2071
2072
2073
2074
2075
2076
2077
2078
2079
2080
2081
2082
2083
2084
2085
2086
2087
2088
2089
2090
2091
2092
2093
2094
2095
2096
2097
2098
2099
2100
2101
2102
2103
2104
2105
2106
2107
2108
2109
2110
2111
2112
2113
2114
2115
2116
2117
2118
2119
2120
2121
2122
2123
2124
2125
2126
2127
2128
2129
2130
2131
2132
2133
2134
2135
2136
2137
2138
2139
2140
2141
2142
2143
2144
2145
2146
2147
2148
2149
2150
2151
2152
2153
2154
2155
2156
2157
2158
2159
2160
2161
2162
2163
2164
2165
2166
2167
2168
2169
2170
2171
2172
2173
2174
2175
2176
2177
2178
2179
2180
2181
2182
2183
2184
2185
2186
2188
2189
2191
2192
2194
2195
2197
2198
2200
2201
2203
2204
2206
2207
2209
2210
2212
2213
2215
2216
2218
2219
2221
2222
2224
2225
2227
2228
2230
2231
2233
2234
2236
2237
2239
2240
2242
2243
2245
2246
2248
2249
2251
2252
2254
2255
2257
2258
2260
2261
2263
2264
2266
2267
2269
2270
2272
2273
2275
2276
2278
2280
2281
2283
2284
2286
2287
2289
2290
2292
2293
2295
2296
2298
2299
2301
2302
2304
2305
2307
2308
2310
2311
2313
2314
2316
2317
2319
2320
2322
2323
2325
2326
2328
2329
2331
2332
2334
2335
2337
2338
2340
2341
2343
2344
2346
2347
2349
2350
2352
2353
2355
2356
2358
2359
2361
2362
2364
2365
2367
2368
2370
2371
2373
2375
2376
2378
2379
2381
2382
2384
2385
2387
2388
2390
2391
2393
2394
2396
2397
2399
2400
2402
2403
2405
2406
2408
2409
2411
2412
2414
2415
2417
2418
2420
2421
2423
2424
2426
2427
2429
2430
2432
2433
2435
2436
2438
2439
2441
2442
2444
2445
2447
2448
2450
2451
2453
2454
2456
2457
2459
2460
2462
2463
2465
2466
2468
2470
2471
2473
2474
2476
2477
2479
2480
2482
2483
2485
2486
2488
2489
2491
2492
2494
2495
2497
2498
2500
2501
2503
2504
2506
2507
2509
2510
2512
2513
2515
2516
2518
2519
2521
2522
2524
2525
2527
2528
2530
2531
2533
2534
2536
2537
2539
2540
2542
2543
2545
2546
2548
2549
2551
2552
2554
2555
2557
2558
2560
2561
2563
2565
2566
2568
2569
2571
2572
2574
2575
2577
2578
2580
2581
2583
2584
2586
2587
2589
2590
2592
2593
2595
2596
2598
2599
2601
2602
2604
2605
2607
2608
2610
2611
2613
2614
2616
2617
2619
2620
2622
2623
2625
2626
2628
2629
2631
2632
2634
2635
2637
2638
2640
2641
2643
2644
2646
2647
2649
2650
2652
2653
2655
2656
2658
2660
2661
2663
2664
2666
2667
2669
2670
2672
2673
2675
2676
2678
2679
2681
2682
2684
2685
2687
2688
2690
2691
2693
2694
2696
2697
2699
2700
2702
2703
2705
2706
2708
2709
2711
2712
2714
2715
2717
2718
2720
2721
2723
2724
2726
2727
2729
2730
2732
2733
2735
2736
2738
2739
2741
2742
2744
2745
2747
2748
2750
2751
2753
2755
2756
2758
2759
2761
2762
2764
2765
2767
2768
2770
2771
2773
2774
2776
2777
2779
2780
2782
2783
2785
2786
2788
2789
2791
2792
2794
2795
2797
2798
2800
2801
2803
2804
2806
2807
2809
2810
2812
2813
2815
2816
2818
2819
2821
2822
2824
2825
2827
2828
2830
2831
2833
2834
2836
2837
2839
2840
2842
2843
2845
2846
2848
2850
2852
2854
2856
2858
2860
2862
2864
2866
2868
2870
2872
2874
2876
2878
2880
2882
2884
2886
2888
2890
2892
2894
2896
2898
2900
2902
2904
2906
2908
2910
6083
6084
6091
6092
6099
6100
6107
6108
6115
6116
6123
6124
6131
6132
6139
6140
6147
6148
6155
6156
6163
6164
6171
6172
6179
6180
6187
6188
6195
6196
6203
6204
6211
6212
6219
6220
6227
6228
6235
6236
6243
6244
6251
6252
6259
6260
6267
6268
6275
6276
6283
6284
6291
6292
6299
6300
6307
6308
6315
6316
6323
6324
6331
6332
6339
6340
6347
6348
6355
6356
6363
6364
6371
6372
6379
6380
6387
6388
6395
6396
6403
6404
6411
6412
6419
6420
6427
6428
6435
6436
6443
6444
6451
6452
6459
6460
6467
6468
6475
6476
6483
6484
6491
6492
6499
6500
6507
6508
6515
6516
6523
6524
6531
6532
6539
6540
6547
6548
6555
6556
6563
6564
6571
6572
6579
6580
6587
6588
6609
6610
6611
6612
6613
6614
6615
6616
6617
6618
6619
6620
6621
6622
6623
6624
6673
6674
6675
6676
6677
6678
6679
6680
6681
6682
6683
6684
6685
6686
6687
6688
-731
-734
-737
-740
-743
-746
-749
-752
-755
-758
-761
-764
-767
-770
-773
-776
-779
-782
-785
-788
-791
-794
-797
-800
-803
-806
-809
-812
-815
-818
-821
-823
-826
-829
-832
-835
-838
-841
-844
-847
-850
-853
-856
-859
-862
-865
-868
-871
-874
-877
-880
-883
-886
-889
-892
-895
-898
-901
-904
-907
-910
-913
-916
-918
-921
-924
-927
-930
-933
-936
-939
-942
-945
-948
-951
-954
-957
-960
-963
-966
-969
-972
-975
-978
-981
-984
-987
-990
-993
-996
-999
-1002
-1005
-1008
-1011
-1013
-1016
-1019
-1022
-1025
-1028
-1031
-1034
-1037
-1040
-1043
-1046
-1049
-1052
-1055
-1058
-1061
-1064
-1067
-1070
-1073
-1076
-1079
-1082
-1085
-1088
-1091
-1094
-1097
-1100
-1103
-1106
-1108
-1111
-1114
-1117
-1120
-1123
-1126
-1129
-1132
-1135
-1138
-1141
-1144
-1147
-1150
-1153
-1156
-1159
-1162
-1165
-1168
-1171
-1174
-1177
-1180
-1183
-1186
-1189
-1192
-1195
-1198
-1201
-1203
-1206
-1209
-1212
-1215
-1218
-1221
-1224
-1227
-1230
-1233
-1236
-1239
-1242
-1245
-1248
-1251
-1254
-1257
-1260
-1263
-1266
-1269
-1272
-1275
-1278
-1281
-1284
-1287
-1290
-1293
-1296
-1298
-1301
-1304
-1307
-1310
-1313
-1316
-1319
-1322
-1325
-1328
-1331
-1334
-1337
-1340
-1343
-1346
-1349
-1352
-1355
-1358
-1361
-1364
-1367
-1370
-1373
-1376
-1379
-1382
-1385
-1388
-1391
-1393
-1395
-1397
-1399
-1401
-1403
-1405
-1407
-1409
-1411
-1413
-1415
-1417
-1419
-1421
-1423
-1425
-1427
-1429
-1431
-1433
-1435
-1437
-1439
-1441
-1443
-1445
-1447
-1449
-1451
-1453
-1455
-1456
2187
2190
2193
2196
2199
2202
2205
2208
2211
2214
2217
2220
2223
2226
2229
2232
2235
2238
2241
2244
2247
2250
2253
2256
2259
2262
2265
2268
2271
2274
2277
2279
2282
2285
2288
2291
2294
2297
2300
2303
2306
2309
2312
2315
2318
2321
2324
2327
2330
2333
2336
2339
2342
2345
2348
2351
2354
2357
2360
2363
2366
2369
2372
2374
2377
2380
2383
2386
2389
2392
2395
2398
2401
2404
2407
2410
2413
2416
2419
2422
2425
2428
2431
2434
2437
2440
2443
2446
2449
2452
2455
2458
2461
2464
2467
2469
2472
2475
2478
2481
2484
2487
2490
2493
2496
2499
2502
2505
2508
2511
2514
2517
2520
2523
2526
2529
2532
2535
2538
2541
2544
2547
2550
2553
2556
2559
2562
2564
2567
2570
2573
2576
2579
2582
2585
2588
2591
2594
2597
2600
2603
2606
2609
2612
2615
2618
2621
2624
2627
2630
2633
2636
2639
2642
2645
2648
2651
2654
2657
2659
2662
2665
2668
2671
2674
2677
2680
2683
2686
2689
2692
2695
2698
2701
2704
2707
2710
2713
2716
2719
2722
2725
2728
2731
2734
2737
2740
2743
2746
2749
2752
2754
2757
2760
2763
2766
2769
2772
2775
2778
2781
2784
2787
2790
2793
2796
2799
2802
2805
2808
2811
2814
2817
2820
2823
2826
2829
2832
2835
2838
2841
2844
2847
2849
2851
2853
2855
2857
2859
2861
2863
2865
2867
2869
2871
2873
2875
2877
2879
2881
2883
2885
2887
2889
2891
2893
2895
2897
2899
2901
2903
2905
2907
2909
2911
2912
)


// ************************************************************************* //
