/*--------------------------------*- C++ -*----------------------------------*\
| =========                 |                                                 |
| \\      /  F ield         | OpenFOAM: The Open Source CFD Toolbox           |
|  \\    /   O peration     | Version:  2506                                  |
|   \\  /    A nd           | Website:  www.openfoam.com                      |
|    \\/     M anipulation  |                                                 |
\*---------------------------------------------------------------------------*/
FoamFile
{
    version     2.0;
    format      ascii;
    arch        "LSB;label=32;scalar=64";
    note        "nPoints:2673  nCells:2048  nFaces:6720  nInternalFaces:5568";
    class       labelList;
    location    "constant/polyMesh";
    object      neighbour;
}
// * * * * * * * * * * * * * * * * * * * * * * * * * * * * * * * * * * * * * //


5568
(
1
32
256
2
33
257
3
34
258
4
35
259
5
36
260
6
37
261
7
38
262
8
39
263
9
40
264
10
41
265
11
42
266
12
43
267
13
44
268
14
45
269
15
46
270
16
47
271
17
48
272
18
49
273
19
50
274
20
51
275
21
52
276
22
53
277
23
54
278
24
55
279
25
56
280
26
57
281
27
58
282
28
59
283
29
60
284
30
61
285
31
62
286
63
287
33
64
288
34
65
289
35
66
290
36
67
291
37
68
292
38
69
293
39
70
294
40
71
295
41
72
296
42
73
297
43
74
298
44
75
299
45
76
300
46
77
301
47
78
302
48
79
303
49
80
304
50
81
305
51
82
306
52
83
307
53
84
308
54
85
309
55
86
310
56
87
311
57
88
312
58
89
313
59
90
314
60
91
315
61
92
316
62
93
317
63
94
318
95
319
65
96
320
66
97
321
67
98
322
68
99
323
69
100
324
70
101
325
71
102
326
72
103
327
73
104
328
74
105
329
75
106
330
76
107
331
77
108
332
78
109
333
79
110
334
80
111
335
81
112
336
82
113
337
83
114
338
84
115
339
85
116
340
86
117
341
87
118
342
88
119
343
89
120
344
90
121
345
91
122
346
92
123
347
93
124
348
94
125
349
95
126
350
127
351
97
128
352
98
129
353
99
130
354
100
131
355
101
132
356
102
133
357
103
134
358
104
135
359
105
136
360
106
137
361
107
138
362
108
139
363
109
140
364
110
141
365
111
142
366
112
143
367
113
144
368
114
145
369
115
146
370
116
147
371
117
148
372
118
149
373
119
150
374
120
151
375
121
152
376
122
153
377
123
154
378
124
155
379
125
156
380
126
157
381
127
158
382
159
383
129
160
384
130
161
385
131
162
386
132
163
387
133
164
388
134
165
389
135
166
390
136
167
391
137
168
392
138
169
393
139
170
394
140
171
395
141
172
396
142
173
397
143
174
398
144
175
399
145
176
400
146
177
401
147
178
402
148
179
403
149
180
404
150
181
405
151
182
406
152
183
407
153
184
408
154
185
409
155
186
410
156
187
411
157
188
412
158
189
413
159
190
414
191
415
161
192
416
162
193
417
163
194
418
164
195
419
165
196
420
166
197
421
167
198
422
168
199
423
169
200
424
170
201
425
171
202
426
172
203
427
173
204
428
174
205
429
175
206
430
176
207
431
177
208
432
178
209
433
179
210
434
180
211
435
181
212
436
182
213
437
183
214
438
184
215
439
185
216
440
186
217
441
187
218
442
188
219
443
189
220
444
190
221
445
191
222
446
223
447
193
224
448
194
225
449
195
226
450
196
227
451
197
228
452
198
229
453
199
230
454
200
231
455
201
232
456
202
233
457
203
234
458
204
235
459
205
236
460
206
237
461
207
238
462
208
239
463
209
240
464
210
241
465
211
242
466
212
243
467
213
244
468
214
245
469
215
246
470
216
247
471
217
248
472
218
249
473
219
250
474
220
251
475
221
252
476
222
253
477
223
254
478
255
479
225
480
226
481
227
482
228
483
229
484
230
485
231
486
232
487
233
488
234
489
235
490
236
491
237
492
238
493
239
494
240
495
241
496
242
497
243
498
244
499
245
500
246
501
247
502
248
503
249
504
250
505
251
506
252
507
253
508
254
509
255
510
511
257
288
512
258
289
513
259
290
514
260
291
515
261
292
516
262
293
517
263
294
518
264
295
519
265
296
520
266
297
521
267
298
522
268
299
523
269
300
524
270
301
525
271
302
526
272
303
527
273
304
528
274
305
529
275
306
530
276
307
531
277
308
532
278
309
533
279
310
534
280
311
535
281
312
536
282
313
537
283
314
538
284
315
539
285
316
540
286
317
541
287
318
542
319
543
289
320
544
290
321
545
291
322
546
292
323
547
293
324
548
294
325
549
295
326
550
296
327
551
297
328
552
298
329
553
299
330
554
300
331
555
301
332
556
302
333
557
303
334
558
304
335
559
305
336
560
306
337
561
307
338
562
308
339
563
309
340
564
310
341
565
311
342
566
312
343
567
313
344
568
314
345
569
315
346
570
316
347
571
317
348
572
318
349
573
319
350
574
351
575
321
352
576
322
353
577
323
354
578
324
355
579
325
356
580
326
357
581
327
358
582
328
359
583
329
360
584
330
361
585
331
362
586
332
363
587
333
364
588
334
365
589
335
366
590
336
367
591
337
368
592
338
369
593
339
370
594
340
371
595
341
372
596
342
373
597
343
374
598
344
375
599
345
376
600
346
377
601
347
378
602
348
379
603
349
380
604
350
381
605
351
382
606
383
607
353
384
608
354
385
609
355
386
610
356
387
611
357
388
612
358
389
613
359
390
614
360
391
615
361
392
616
362
393
617
363
394
618
364
395
619
365
396
620
366
397
621
367
398
622
368
399
623
369
400
624
370
401
625
371
402
626
372
403
627
373
404
628
374
405
629
375
406
630
376
407
631
377
408
632
378
409
633
379
410
634
380
411
635
381
412
636
382
413
637
383
414
638
415
639
385
416
640
386
417
641
387
418
642
388
419
643
389
420
644
390
421
645
391
422
646
392
423
647
393
424
648
394
425
649
395
426
650
396
427
651
397
428
652
398
429
653
399
430
654
400
431
655
401
432
656
402
433
657
403
434
658
404
435
659
405
436
660
406
437
661
407
438
662
408
439
663
409
440
664
410
441
665
411
442
666
412
443
667
413
444
668
414
445
669
415
446
670
447
671
417
448
672
418
449
673
419
450
674
420
451
675
421
452
676
422
453
677
423
454
678
424
455
679
425
456
680
426
457
681
427
458
682
428
459
683
429
460
684
430
461
685
431
462
686
432
463
687
433
464
688
434
465
689
435
466
690
436
467
691
437
468
692
438
469
693
439
470
694
440
471
695
441
472
696
442
473
697
443
474
698
444
475
699
445
476
700
446
477
701
447
478
702
479
703
449
480
704
450
481
705
451
482
706
452
483
707
453
484
708
454
485
709
455
486
710
456
487
711
457
488
712
458
489
713
459
490
714
460
491
715
461
492
716
462
493
717
463
494
718
464
495
719
465
496
720
466
497
721
467
498
722
468
499
723
469
500
724
470
501
725
471
502
726
472
503
727
473
504
728
474
505
729
475
506
730
476
507
731
477
508
732
478
509
733
479
510
734
511
735
481
736
482
737
483
738
484
739
485
740
486
741
487
742
488
743
489
744
490
745
491
746
492
747
493
748
494
749
495
750
496
751
497
752
498
753
499
754
500
755
501
756
502
757
503
758
504
759
505
760
506
761
507
762
508
763
509
764
510
765
511
766
767
513
544
768
514
545
769
515
546
770
516
547
771
517
548
772
518
549
773
519
550
774
520
551
775
521
552
776
522
553
777
523
554
778
524
555
779
525
556
780
526
557
781
527
558
782
528
559
783
529
560
784
530
561
785
531
562
786
532
563
787
533
564
788
534
565
789
535
566
790
536
567
791
537
568
792
538
569
793
539
570
794
540
571
795
541
572
796
542
573
797
543
574
798
575
799
545
576
800
546
577
801
547
578
802
548
579
803
549
580
804
550
581
805
551
582
806
552
583
807
553
584
808
554
585
809
555
586
810
556
587
811
557
588
812
558
589
813
559
590
814
560
591
815
561
592
816
562
593
817
563
594
818
564
595
819
565
596
820
566
597
821
567
598
822
568
599
823
569
600
824
570
601
825
571
602
826
572
603
827
573
604
828
574
605
829
575
606
830
607
831
577
608
832
578
609
833
579
610
834
580
611
835
581
612
836
582
613
837
583
614
838
584
615
839
585
616
840
586
617
841
587
618
842
588
619
843
589
620
844
590
621
845
591
622
846
592
623
847
593
624
848
594
625
849
595
626
850
596
627
851
597
628
852
598
629
853
599
630
854
600
631
855
601
632
856
602
633
857
603
634
858
604
635
859
605
636
860
606
637
861
607
638
862
639
863
609
640
864
610
641
865
611
642
866
612
643
867
613
644
868
614
645
869
615
646
870
616
647
871
617
648
872
618
649
873
619
650
874
620
651
875
621
652
876
622
653
877
623
654
878
624
655
879
625
656
880
626
657
881
627
658
882
628
659
883
629
660
884
630
661
885
631
662
886
632
663
887
633
664
888
634
665
889
635
666
890
636
667
891
637
668
892
638
669
893
639
670
894
671
895
641
672
896
642
673
897
643
674
898
644
675
899
645
676
900
646
677
901
647
678
902
648
679
903
649
680
904
650
681
905
651
682
906
652
683
907
653
684
908
654
685
909
655
686
910
656
687
911
657
688
912
658
689
913
659
690
914
660
691
915
661
692
916
662
693
917
663
694
918
664
695
919
665
696
920
666
697
921
667
698
922
668
699
923
669
700
924
670
701
925
671
702
926
703
927
673
704
928
674
705
929
675
706
930
676
707
931
677
708
932
678
709
933
679
710
934
680
711
935
681
712
936
682
713
937
683
714
938
684
715
939
685
716
940
686
717
941
687
718
942
688
719
943
689
720
944
690
721
945
691
722
946
692
723
947
693
724
948
694
725
949
695
726
950
696
727
951
697
728
952
698
729
953
699
730
954
700
731
955
701
732
956
702
733
957
703
734
958
735
959
705
736
960
706
737
961
707
738
962
708
739
963
709
740
964
710
741
965
711
742
966
712
743
967
713
744
968
714
745
969
715
746
970
716
747
971
717
748
972
718
749
973
719
750
974
720
751
975
721
752
976
722
753
977
723
754
978
724
755
979
725
756
980
726
757
981
727
758
982
728
759
983
729
760
984
730
761
985
731
762
986
732
763
987
733
764
988
734
765
989
735
766
990
767
991
737
992
738
993
739
994
740
995
741
996
742
997
743
998
744
999
745
1000
746
1001
747
1002
748
1003
749
1004
750
1005
751
1006
752
1007
753
1008
754
1009
755
1010
756
1011
757
1012
758
1013
759
1014
760
1015
761
1016
762
1017
763
1018
764
1019
765
1020
766
1021
767
1022
1023
769
800
1024
770
801
1025
771
802
1026
772
803
1027
773
804
1028
774
805
1029
775
806
1030
776
807
1031
777
808
1032
778
809
1033
779
810
1034
780
811
1035
781
812
1036
782
813
1037
783
814
1038
784
815
1039
785
816
1040
786
817
1041
787
818
1042
788
819
1043
789
820
1044
790
821
1045
791
822
1046
792
823
1047
793
824
1048
794
825
1049
795
826
1050
796
827
1051
797
828
1052
798
829
1053
799
830
1054
831
1055
801
832
1056
802
833
1057
803
834
1058
804
835
1059
805
836
1060
806
837
1061
807
838
1062
808
839
1063
809
840
1064
810
841
1065
811
842
1066
812
843
1067
813
844
1068
814
845
1069
815
846
1070
816
847
1071
817
848
1072
818
849
1073
819
850
1074
820
851
1075
821
852
1076
822
853
1077
823
854
1078
824
855
1079
825
856
1080
826
857
1081
827
858
1082
828
859
1083
829
860
1084
830
861
1085
831
862
1086
863
1087
833
864
1088
834
865
1089
835
866
1090
836
867
1091
837
868
1092
838
869
1093
839
870
1094
840
871
1095
841
872
1096
842
873
1097
843
874
1098
844
875
1099
845
876
1100
846
877
1101
847
878
1102
848
879
1103
849
880
1104
850
881
1105
851
882
1106
852
883
1107
853
884
1108
854
885
1109
855
886
1110
856
887
1111
857
888
1112
858
889
1113
859
890
1114
860
891
1115
861
892
1116
862
893
1117
863
894
1118
895
1119
865
896
1120
866
897
1121
867
898
1122
868
899
1123
869
900
1124
870
901
1125
871
902
1126
872
903
1127
873
904
1128
874
905
1129
875
906
1130
876
907
1131
877
908
1132
878
909
1133
879
910
1134
880
911
1135
881
912
1136
882
913
1137
883
914
1138
884
915
1139
885
916
1140
886
917
1141
887
918
1142
888
919
1143
889
920
1144
890
921
1145
891
922
1146
892
923
1147
893
924
1148
894
925
1149
895
926
1150
927
1151
897
928
1152
898
929
1153
899
930
1154
900
931
1155
901
932
1156
902
933
1157
903
934
1158
904
935
1159
905
936
1160
906
937
1161
907
938
1162
908
939
1163
909
940
1164
910
941
1165
911
942
1166
912
943
1167
913
944
1168
914
945
1169
915
946
1170
916
947
1171
917
948
1172
918
949
1173
919
950
1174
920
951
1175
921
952
1176
922
953
1177
923
954
1178
924
955
1179
925
956
1180
926
957
1181
927
958
1182
959
1183
929
960
1184
930
961
1185
931
962
1186
932
963
1187
933
964
1188
934
965
1189
935
966
1190
936
967
1191
937
968
1192
938
969
1193
939
970
1194
940
971
1195
941
972
1196
942
973
1197
943
974
1198
944
975
1199
945
976
1200
946
977
1201
947
978
1202
948
979
1203
949
980
1204
950
981
1205
951
982
1206
952
983
1207
953
984
1208
954
985
1209
955
986
1210
956
987
1211
957
988
1212
958
989
1213
959
990
1214
991
1215
961
992
1216
962
993
1217
963
994
1218
964
995
1219
965
996
1220
966
997
1221
967
998
1222
968
999
1223
969
1000
1224
970
1001
1225
971
1002
1226
972
1003
1227
973
1004
1228
974
1005
1229
975
1006
1230
976
1007
1231
977
1008
1232
978
1009
1233
979
1010
1234
980
1011
1235
981
1012
1236
982
1013
1237
983
1014
1238
984
1015
1239
985
1016
1240
986
1017
1241
987
1018
1242
988
1019
1243
989
1020
1244
990
1021
1245
991
1022
1246
1023
1247
993
1248
994
1249
995
1250
996
1251
997
1252
998
1253
999
1254
1000
1255
1001
1256
1002
1257
1003
1258
1004
1259
1005
1260
1006
1261
1007
1262
1008
1263
1009
1264
1010
1265
1011
1266
1012
1267
1013
1268
1014
1269
1015
1270
1016
1271
1017
1272
1018
1273
1019
1274
1020
1275
1021
1276
1022
1277
1023
1278
1279
1025
1056
1280
1026
1057
1281
1027
1058
1282
1028
1059
1283
1029
1060
1284
1030
1061
1285
1031
1062
1286
1032
1063
1287
1033
1064
1288
1034
1065
1289
1035
1066
1290
1036
1067
1291
1037
1068
1292
1038
1069
1293
1039
1070
1294
1040
1071
1295
1041
1072
1296
1042
1073
1297
1043
1074
1298
1044
1075
1299
1045
1076
1300
1046
1077
1301
1047
1078
1302
1048
1079
1303
1049
1080
1304
1050
1081
1305
1051
1082
1306
1052
1083
1307
1053
1084
1308
1054
1085
1309
1055
1086
1310
1087
1311
1057
1088
1312
1058
1089
1313
1059
1090
1314
1060
1091
1315
1061
1092
1316
1062
1093
1317
1063
1094
1318
1064
1095
1319
1065
1096
1320
1066
1097
1321
1067
1098
1322
1068
1099
1323
1069
1100
1324
1070
1101
1325
1071
1102
1326
1072
1103
1327
1073
1104
1328
1074
1105
1329
1075
1106
1330
1076
1107
1331
1077
1108
1332
1078
1109
1333
1079
1110
1334
1080
1111
1335
1081
1112
1336
1082
1113
1337
1083
1114
1338
1084
1115
1339
1085
1116
1340
1086
1117
1341
1087
1118
1342
1119
1343
1089
1120
1344
1090
1121
1345
1091
1122
1346
1092
1123
1347
1093
1124
1348
1094
1125
1349
1095
1126
1350
1096
1127
1351
1097
1128
1352
1098
1129
1353
1099
1130
1354
1100
1131
1355
1101
1132
1356
1102
1133
1357
1103
1134
1358
1104
1135
1359
1105
1136
1360
1106
1137
1361
1107
1138
1362
1108
1139
1363
1109
1140
1364
1110
1141
1365
1111
1142
1366
1112
1143
1367
1113
1144
1368
1114
1145
1369
1115
1146
1370
1116
1147
1371
1117
1148
1372
1118
1149
1373
1119
1150
1374
1151
1375
1121
1152
1376
1122
1153
1377
1123
1154
1378
1124
1155
1379
1125
1156
1380
1126
1157
1381
1127
1158
1382
1128
1159
1383
1129
1160
1384
1130
1161
1385
1131
1162
1386
1132
1163
1387
1133
1164
1388
1134
1165
1389
1135
1166
1390
1136
1167
1391
1137
1168
1392
1138
1169
1393
1139
1170
1394
1140
1171
1395
1141
1172
1396
1142
1173
1397
1143
1174
1398
1144
1175
1399
1145
1176
1400
1146
1177
1401
1147
1178
1402
1148
1179
1403
1149
1180
1404
1150
1181
1405
1151
1182
1406
1183
1407
1153
1184
1408
1154
1185
1409
1155
1186
1410
1156
1187
1411
1157
1188
1412
1158
1189
1413
1159
1190
1414
1160
1191
1415
1161
1192
1416
1162
1193
1417
1163
1194
1418
1164
1195
1419
1165
1196
1420
1166
1197
1421
1167
1198
1422
1168
1199
1423
1169
1200
1424
1170
1201
1425
1171
1202
1426
1172
1203
1427
1173
1204
1428
1174
1205
1429
1175
1206
1430
1176
1207
1431
1177
1208
1432
1178
1209
1433
1179
1210
1434
1180
1211
1435
1181
1212
1436
1182
1213
1437
1183
1214
1438
1215
1439
1185
1216
1440
1186
1217
1441
1187
1218
1442
1188
1219
1443
1189
1220
1444
1190
1221
1445
1191
1222
1446
1192
1223
1447
1193
1224
1448
1194
1225
1449
1195
1226
1450
1196
1227
1451
1197
1228
1452
1198
1229
1453
1199
1230
1454
1200
1231
1455
1201
1232
1456
1202
1233
1457
1203
1234
1458
1204
1235
1459
1205
1236
1460
1206
1237
1461
1207
1238
1462
1208
1239
1463
1209
1240
1464
1210
1241
1465
1211
1242
1466
1212
1243
1467
1213
1244
1468
1214
1245
1469
1215
1246
1470
1247
1471
1217
1248
1472
1218
1249
1473
1219
1250
1474
1220
1251
1475
1221
1252
1476
1222
1253
1477
1223
1254
1478
1224
1255
1479
1225
1256
1480
1226
1257
1481
1227
1258
1482
1228
1259
1483
1229
1260
1484
1230
1261
1485
1231
1262
1486
1232
1263
1487
1233
1264
1488
1234
1265
1489
1235
1266
1490
1236
1267
1491
1237
1268
1492
1238
1269
1493
1239
1270
1494
1240
1271
1495
1241
1272
1496
1242
1273
1497
1243
1274
1498
1244
1275
1499
1245
1276
1500
1246
1277
1501
1247
1278
1502
1279
1503
1249
1504
1250
1505
1251
1506
1252
1507
1253
1508
1254
1509
1255
1510
1256
1511
1257
1512
1258
1513
1259
1514
1260
1515
1261
1516
1262
1517
1263
1518
1264
1519
1265
1520
1266
1521
1267
1522
1268
1523
1269
1524
1270
1525
1271
1526
1272
1527
1273
1528
1274
1529
1275
1530
1276
1531
1277
1532
1278
1533
1279
1534
1535
1281
1312
1536
1282
1313
1537
1283
1314
1538
1284
1315
1539
1285
1316
1540
1286
1317
1541
1287
1318
1542
1288
1319
1543
1289
1320
1544
1290
1321
1545
1291
1322
1546
1292
1323
1547
1293
1324
1548
1294
1325
1549
1295
1326
1550
1296
1327
1551
1297
1328
1552
1298
1329
1553
1299
1330
1554
1300
1331
1555
1301
1332
1556
1302
1333
1557
1303
1334
1558
1304
1335
1559
1305
1336
1560
1306
1337
1561
1307
1338
1562
1308
1339
1563
1309
1340
1564
1310
1341
1565
1311
1342
1566
1343
1567
1313
1344
1568
1314
1345
1569
1315
1346
1570
1316
1347
1571
1317
1348
1572
1318
1349
1573
1319
1350
1574
1320
1351
1575
1321
1352
1576
1322
1353
1577
1323
1354
1578
1324
1355
1579
1325
1356
1580
1326
1357
1581
1327
1358
1582
1328
1359
1583
1329
1360
1584
1330
1361
1585
1331
1362
1586
1332
1363
1587
1333
1364
1588
1334
1365
1589
1335
1366
1590
1336
1367
1591
1337
1368
1592
1338
1369
1593
1339
1370
1594
1340
1371
1595
1341
1372
1596
1342
1373
1597
1343
1374
1598
1375
1599
1345
1376
1600
1346
1377
1601
1347
1378
1602
1348
1379
1603
1349
1380
1604
1350
1381
1605
1351
1382
1606
1352
1383
1607
1353
1384
1608
1354
1385
1609
1355
1386
1610
1356
1387
1611
1357
1388
1612
1358
1389
1613
1359
1390
1614
1360
1391
1615
1361
1392
1616
1362
1393
1617
1363
1394
1618
1364
1395
1619
1365
1396
1620
1366
1397
1621
1367
1398
1622
1368
1399
1623
1369
1400
1624
1370
1401
1625
1371
1402
1626
1372
1403
1627
1373
1404
1628
1374
1405
1629
1375
1406
1630
1407
1631
1377
1408
1632
1378
1409
1633
1379
1410
1634
1380
1411
1635
1381
1412
1636
1382
1413
1637
1383
1414
1638
1384
1415
1639
1385
1416
1640
1386
1417
1641
1387
1418
1642
1388
1419
1643
1389
1420
1644
1390
1421
1645
1391
1422
1646
1392
1423
1647
1393
1424
1648
1394
1425
1649
1395
1426
1650
1396
1427
1651
1397
1428
1652
1398
1429
1653
1399
1430
1654
1400
1431
1655
1401
1432
1656
1402
1433
1657
1403
1434
1658
1404
1435
1659
1405
1436
1660
1406
1437
1661
1407
1438
1662
1439
1663
1409
1440
1664
1410
1441
1665
1411
1442
1666
1412
1443
1667
1413
1444
1668
1414
1445
1669
1415
1446
1670
1416
1447
1671
1417
1448
1672
1418
1449
1673
1419
1450
1674
1420
1451
1675
1421
1452
1676
1422
1453
1677
1423
1454
1678
1424
1455
1679
1425
1456
1680
1426
1457
1681
1427
1458
1682
1428
1459
1683
1429
1460
1684
1430
1461
1685
1431
1462
1686
1432
1463
1687
1433
1464
1688
1434
1465
1689
1435
1466
1690
1436
1467
1691
1437
1468
1692
1438
1469
1693
1439
1470
1694
1471
1695
1441
1472
1696
1442
1473
1697
1443
1474
1698
1444
1475
1699
1445
1476
1700
1446
1477
1701
1447
1478
1702
1448
1479
1703
1449
1480
1704
1450
1481
1705
1451
1482
1706
1452
1483
1707
1453
1484
1708
1454
1485
1709
1455
1486
1710
1456
1487
1711
1457
1488
1712
1458
1489
1713
1459
1490
1714
1460
1491
1715
1461
1492
1716
1462
1493
1717
1463
1494
1718
1464
1495
1719
1465
1496
1720
1466
1497
1721
1467
1498
1722
1468
1499
1723
1469
1500
1724
1470
1501
1725
1471
1502
1726
1503
1727
1473
1504
1728
1474
1505
1729
1475
1506
1730
1476
1507
1731
1477
1508
1732
1478
1509
1733
1479
1510
1734
1480
1511
1735
1481
1512
1736
1482
1513
1737
1483
1514
1738
1484
1515
1739
1485
1516
1740
1486
1517
1741
1487
1518
1742
1488
1519
1743
1489
1520
1744
1490
1521
1745
1491
1522
1746
1492
1523
1747
1493
1524
1748
1494
1525
1749
1495
1526
1750
1496
1527
1751
1497
1528
1752
1498
1529
1753
1499
1530
1754
1500
1531
1755
1501
1532
1756
1502
1533
1757
1503
1534
1758
1535
1759
1505
1760
1506
1761
1507
1762
1508
1763
1509
1764
1510
1765
1511
1766
1512
1767
1513
1768
1514
1769
1515
1770
1516
1771
1517
1772
1518
1773
1519
1774
1520
1775
1521
1776
1522
1777
1523
1778
1524
1779
1525
1780
1526
1781
1527
1782
1528
1783
1529
1784
1530
1785
1531
1786
1532
1787
1533
1788
1534
1789
1535
1790
1791
1537
1568
1792
1538
1569
1793
1539
1570
1794
1540
1571
1795
1541
1572
1796
1542
1573
1797
1543
1574
1798
1544
1575
1799
1545
1576
1800
1546
1577
1801
1547
1578
1802
1548
1579
1803
1549
1580
1804
1550
1581
1805
1551
1582
1806
1552
1583
1807
1553
1584
1808
1554
1585
1809
1555
1586
1810
1556
1587
1811
1557
1588
1812
1558
1589
1813
1559
1590
1814
1560
1591
1815
1561
1592
1816
1562
1593
1817
1563
1594
1818
1564
1595
1819
1565
1596
1820
1566
1597
1821
1567
1598
1822
1599
1823
1569
1600
1824
1570
1601
1825
1571
1602
1826
1572
1603
1827
1573
1604
1828
1574
1605
1829
1575
1606
1830
1576
1607
1831
1577
1608
1832
1578
1609
1833
1579
1610
1834
1580
1611
1835
1581
1612
1836
1582
1613
1837
1583
1614
1838
1584
1615
1839
1585
1616
1840
1586
1617
1841
1587
1618
1842
1588
1619
1843
1589
1620
1844
1590
1621
1845
1591
1622
1846
1592
1623
1847
1593
1624
1848
1594
1625
1849
1595
1626
1850
1596
1627
1851
1597
1628
1852
1598
1629
1853
1599
1630
1854
1631
1855
1601
1632
1856
1602
1633
1857
1603
1634
1858
1604
1635
1859
1605
1636
1860
1606
1637
1861
1607
1638
1862
1608
1639
1863
1609
1640
1864
1610
1641
1865
1611
1642
1866
1612
1643
1867
1613
1644
1868
1614
1645
1869
1615
1646
1870
1616
1647
1871
1617
1648
1872
1618
1649
1873
1619
1650
1874
1620
1651
1875
1621
1652
1876
1622
1653
1877
1623
1654
1878
1624
1655
1879
1625
1656
1880
1626
1657
1881
1627
1658
1882
1628
1659
1883
1629
1660
1884
1630
1661
1885
1631
1662
1886
1663
1887
1633
1664
1888
1634
1665
1889
1635
1666
1890
1636
1667
1891
1637
1668
1892
1638
1669
1893
1639
1670
1894
1640
1671
1895
1641
1672
1896
1642
1673
1897
1643
1674
1898
1644
1675
1899
1645
1676
1900
1646
1677
1901
1647
1678
1902
1648
1679
1903
1649
1680
1904
1650
1681
1905
1651
1682
1906
1652
1683
1907
1653
1684
1908
1654
1685
1909
1655
1686
1910
1656
1687
1911
1657
1688
1912
1658
1689
1913
1659
1690
1914
1660
1691
1915
1661
1692
1916
1662
1693
1917
1663
1694
1918
1695
1919
1665
1696
1920
1666
1697
1921
1667
1698
1922
1668
1699
1923
1669
1700
1924
1670
1701
1925
1671
1702
1926
1672
1703
1927
1673
1704
1928
1674
1705
1929
1675
1706
1930
1676
1707
1931
1677
1708
1932
1678
1709
1933
1679
1710
1934
1680
1711
1935
1681
1712
1936
1682
1713
1937
1683
1714
1938
1684
1715
1939
1685
1716
1940
1686
1717
1941
1687
1718
1942
1688
1719
1943
1689
1720
1944
1690
1721
1945
1691
1722
1946
1692
1723
1947
1693
1724
1948
1694
1725
1949
1695
1726
1950
1727
1951
1697
1728
1952
1698
1729
1953
1699
1730
1954
1700
1731
1955
1701
1732
1956
1702
1733
1957
1703
1734
1958
1704
1735
1959
1705
1736
1960
1706
1737
1961
1707
1738
1962
1708
1739
1963
1709
1740
1964
1710
1741
1965
1711
1742
1966
1712
1743
1967
1713
1744
1968
1714
1745
1969
1715
1746
1970
1716
1747
1971
1717
1748
1972
1718
1749
1973
1719
1750
1974
1720
1751
1975
1721
1752
1976
1722
1753
1977
1723
1754
1978
1724
1755
1979
1725
1756
1980
1726
1757
1981
1727
1758
1982
1759
1983
1729
1760
1984
1730
1761
1985
1731
1762
1986
1732
1763
1987
1733
1764
1988
1734
1765
1989
1735
1766
1990
1736
1767
1991
1737
1768
1992
1738
1769
1993
1739
1770
1994
1740
1771
1995
1741
1772
1996
1742
1773
1997
1743
1774
1998
1744
1775
1999
1745
1776
2000
1746
1777
2001
1747
1778
2002
1748
1779
2003
1749
1780
2004
1750
1781
2005
1751
1782
2006
1752
1783
2007
1753
1784
2008
1754
1785
2009
1755
1786
2010
1756
1787
2011
1757
1788
2012
1758
1789
2013
1759
1790
2014
1791
2015
1761
2016
1762
2017
1763
2018
1764
2019
1765
2020
1766
2021
1767
2022
1768
2023
1769
2024
1770
2025
1771
2026
1772
2027
1773
2028
1774
2029
1775
2030
1776
2031
1777
2032
1778
2033
1779
2034
1780
2035
1781
2036
1782
2037
1783
2038
1784
2039
1785
2040
1786
2041
1787
2042
1788
2043
1789
2044
1790
2045
1791
2046
2047
1793
1824
1794
1825
1795
1826
1796
1827
1797
1828
1798
1829
1799
1830
1800
1831
1801
1832
1802
1833
1803
1834
1804
1835
1805
1836
1806
1837
1807
1838
1808
1839
1809
1840
1810
1841
1811
1842
1812
1843
1813
1844
1814
1845
1815
1846
1816
1847
1817
1848
1818
1849
1819
1850
1820
1851
1821
1852
1822
1853
1823
1854
1855
1825
1856
1826
1857
1827
1858
1828
1859
1829
1860
1830
1861
1831
1862
1832
1863
1833
1864
1834
1865
1835
1866
1836
1867
1837
1868
1838
1869
1839
1870
1840
1871
1841
1872
1842
1873
1843
1874
1844
1875
1845
1876
1846
1877
1847
1878
1848
1879
1849
1880
1850
1881
1851
1882
1852
1883
1853
1884
1854
1885
1855
1886
1887
1857
1888
1858
1889
1859
1890
1860
1891
1861
1892
1862
1893
1863
1894
1864
1895
1865
1896
1866
1897
1867
1898
1868
1899
1869
1900
1870
1901
1871
1902
1872
1903
1873
1904
1874
1905
1875
1906
1876
1907
1877
1908
1878
1909
1879
1910
1880
1911
1881
1912
1882
1913
1883
1914
1884
1915
1885
1916
1886
1917
1887
1918
1919
1889
1920
1890
1921
1891
1922
1892
1923
1893
1924
1894
1925
1895
1926
1896
1927
1897
1928
1898
1929
1899
1930
1900
1931
1901
1932
1902
1933
1903
1934
1904
1935
1905
1936
1906
1937
1907
1938
1908
1939
1909
1940
1910
1941
1911
1942
1912
1943
1913
1944
1914
1945
1915
1946
1916
1947
1917
1948
1918
1949
1919
1950
1951
1921
1952
1922
1953
1923
1954
1924
1955
1925
1956
1926
1957
1927
1958
1928
1959
1929
1960
1930
1961
1931
1962
1932
1963
1933
1964
1934
1965
1935
1966
1936
1967
1937
1968
1938
1969
1939
1970
1940
1971
1941
1972
1942
1973
1943
1974
1944
1975
1945
1976
1946
1977
1947
1978
1948
1979
1949
1980
1950
1981
1951
1982
1983
1953
1984
1954
1985
1955
1986
1956
1987
1957
1988
1958
1989
1959
1990
1960
1991
1961
1992
1962
1993
1963
1994
1964
1995
1965
1996
1966
1997
1967
1998
1968
1999
1969
2000
1970
2001
1971
2002
1972
2003
1973
2004
1974
2005
1975
2006
1976
2007
1977
2008
1978
2009
1979
2010
1980
2011
1981
2012
1982
2013
1983
2014
2015
1985
2016
1986
2017
1987
2018
1988
2019
1989
2020
1990
2021
1991
2022
1992
2023
1993
2024
1994
2025
1995
2026
1996
2027
1997
2028
1998
2029
1999
2030
2000
2031
2001
2032
2002
2033
2003
2034
2004
2035
2005
2036
2006
2037
2007
2038
2008
2039
2009
2040
2010
2041
2011
2042
2012
2043
2013
2044
2014
2045
2015
2046
2047
2017
2018
2019
2020
2021
2022
2023
2024
2025
2026
2027
2028
2029
2030
2031
2032
2033
2034
2035
2036
2037
2038
2039
2040
2041
2042
2043
2044
2045
2046
2047
)


// ************************************************************************* //
