/*--------------------------------*- C++ -*----------------------------------*\
| =========                 |                                                 |
| \\      /  F ield         | OpenFOAM: The Open Source CFD Toolbox           |
|  \\    /   O peration     | Version:  2506                                  |
|   \\  /    A nd           | Website:  www.openfoam.com                      |
|    \\/     M anipulation  |                                                 |
\*---------------------------------------------------------------------------*/
FoamFile
{
    version     2.0;
    format      ascii;
    arch        "LSB;label=32;scalar=64";
    class       vectorField;
    location    "constant/polyMesh";
    object      points;
}
// * * * * * * * * * * * * * * * * * * * * * * * * * * * * * * * * * * * * * //


891
(
(0 0 0.075)
(0.0125 0 0.075)
(0.025 0 0.075)
(0.0375 0 0.075)
(0.05 0 0.075)
(0.0625 0 0.075)
(0.075 0 0.075)
(0.0875 0 0.075)
(0.1 0 0.075)
(0.1125 0 0.075)
(0.125 0 0.075)
(0.1375 0 0.075)
(0.15 0 0.075)
(0.1625 0 0.075)
(0.175 0 0.075)
(0.1875 0 0.075)
(0.2 0 0.075)
(0.2125 0 0.075)
(0.225 0 0.075)
(0.2375 0 0.075)
(0.25 0 0.075)
(0.2625 0 0.075)
(0.275 0 0.075)
(0.2875 0 0.075)
(0.3 0 0.075)
(0.3125 0 0.075)
(0.325 0 0.075)
(0.3375 0 0.075)
(0.35 0 0.075)
(0.3625 0 0.075)
(0.375 0 0.075)
(0.3875 0 0.075)
(0.4 0 0.075)
(0 0.0125 0.075)
(0.0125 0.0125 0.075)
(0.025 0.0125 0.075)
(0.0375 0.0125 0.075)
(0.05 0.0125 0.075)
(0.0625 0.0125 0.075)
(0.075 0.0125 0.075)
(0.0875 0.0125 0.075)
(0.1 0.0125 0.075)
(0.1125 0.0125 0.075)
(0.125 0.0125 0.075)
(0.1375 0.0125 0.075)
(0.15 0.0125 0.075)
(0.1625 0.0125 0.075)
(0.175 0.0125 0.075)
(0.1875 0.0125 0.075)
(0.2 0.0125 0.075)
(0.2125 0.0125 0.075)
(0.225 0.0125 0.075)
(0.2375 0.0125 0.075)
(0.25 0.0125 0.075)
(0.2625 0.0125 0.075)
(0.275 0.0125 0.075)
(0.2875 0.0125 0.075)
(0.3 0.0125 0.075)
(0.3125 0.0125 0.075)
(0.325 0.0125 0.075)
(0.3375 0.0125 0.075)
(0.35 0.0125 0.075)
(0.3625 0.0125 0.075)
(0.375 0.0125 0.075)
(0.3875 0.0125 0.075)
(0.4 0.0125 0.075)
(0 0.025 0.075)
(0.0125 0.025 0.075)
(0.025 0.025 0.075)
(0.0375 0.025 0.075)
(0.05 0.025 0.075)
(0.0625 0.025 0.075)
(0.075 0.025 0.075)
(0.0875 0.025 0.075)
(0.1 0.025 0.075)
(0.1125 0.025 0.075)
(0.125 0.025 0.075)
(0.1375 0.025 0.075)
(0.15 0.025 0.075)
(0.1625 0.025 0.075)
(0.175 0.025 0.075)
(0.1875 0.025 0.075)
(0.2 0.025 0.075)
(0.2125 0.025 0.075)
(0.225 0.025 0.075)
(0.2375 0.025 0.075)
(0.25 0.025 0.075)
(0.2625 0.025 0.075)
(0.275 0.025 0.075)
(0.2875 0.025 0.075)
(0.3 0.025 0.075)
(0.3125 0.025 0.075)
(0.325 0.025 0.075)
(0.3375 0.025 0.075)
(0.35 0.025 0.075)
(0.3625 0.025 0.075)
(0.375 0.025 0.075)
(0.3875 0.025 0.075)
(0.4 0.025 0.075)
(0 0.0375 0.075)
(0.0125 0.0375 0.075)
(0.025 0.0375 0.075)
(0.0375 0.0375 0.075)
(0.05 0.0375 0.075)
(0.0625 0.0375 0.075)
(0.075 0.0375 0.075)
(0.0875 0.0375 0.075)
(0.1 0.0375 0.075)
(0.1125 0.0375 0.075)
(0.125 0.0375 0.075)
(0.1375 0.0375 0.075)
(0.15 0.0375 0.075)
(0.1625 0.0375 0.075)
(0.175 0.0375 0.075)
(0.1875 0.0375 0.075)
(0.2 0.0375 0.075)
(0.2125 0.0375 0.075)
(0.225 0.0375 0.075)
(0.2375 0.0375 0.075)
(0.25 0.0375 0.075)
(0.2625 0.0375 0.075)
(0.275 0.0375 0.075)
(0.2875 0.0375 0.075)
(0.3 0.0375 0.075)
(0.3125 0.0375 0.075)
(0.325 0.0375 0.075)
(0.3375 0.0375 0.075)
(0.35 0.0375 0.075)
(0.3625 0.0375 0.075)
(0.375 0.0375 0.075)
(0.3875 0.0375 0.075)
(0.4 0.0375 0.075)
(0 0.05 0.075)
(0.0125 0.05 0.075)
(0.025 0.05 0.075)
(0.0375 0.05 0.075)
(0.05 0.05 0.075)
(0.0625 0.05 0.075)
(0.075 0.05 0.075)
(0.0875 0.05 0.075)
(0.1 0.05 0.075)
(0.1125 0.05 0.075)
(0.125 0.05 0.075)
(0.1375 0.05 0.075)
(0.15 0.05 0.075)
(0.1625 0.05 0.075)
(0.175 0.05 0.075)
(0.1875 0.05 0.075)
(0.2 0.05 0.075)
(0.2125 0.05 0.075)
(0.225 0.05 0.075)
(0.2375 0.05 0.075)
(0.25 0.05 0.075)
(0.2625 0.05 0.075)
(0.275 0.05 0.075)
(0.2875 0.05 0.075)
(0.3 0.05 0.075)
(0.3125 0.05 0.075)
(0.325 0.05 0.075)
(0.3375 0.05 0.075)
(0.35 0.05 0.075)
(0.3625 0.05 0.075)
(0.375 0.05 0.075)
(0.3875 0.05 0.075)
(0.4 0.05 0.075)
(0 0.0625 0.075)
(0.0125 0.0625 0.075)
(0.025 0.0625 0.075)
(0.0375 0.0625 0.075)
(0.05 0.0625 0.075)
(0.0625 0.0625 0.075)
(0.075 0.0625 0.075)
(0.0875 0.0625 0.075)
(0.1 0.0625 0.075)
(0.1125 0.0625 0.075)
(0.125 0.0625 0.075)
(0.1375 0.0625 0.075)
(0.15 0.0625 0.075)
(0.1625 0.0625 0.075)
(0.175 0.0625 0.075)
(0.1875 0.0625 0.075)
(0.2 0.0625 0.075)
(0.2125 0.0625 0.075)
(0.225 0.0625 0.075)
(0.2375 0.0625 0.075)
(0.25 0.0625 0.075)
(0.2625 0.0625 0.075)
(0.275 0.0625 0.075)
(0.2875 0.0625 0.075)
(0.3 0.0625 0.075)
(0.3125 0.0625 0.075)
(0.325 0.0625 0.075)
(0.3375 0.0625 0.075)
(0.35 0.0625 0.075)
(0.3625 0.0625 0.075)
(0.375 0.0625 0.075)
(0.3875 0.0625 0.075)
(0.4 0.0625 0.075)
(0 0.075 0.075)
(0.0125 0.075 0.075)
(0.025 0.075 0.075)
(0.0375 0.075 0.075)
(0.05 0.075 0.075)
(0.0625 0.075 0.075)
(0.075 0.075 0.075)
(0.0875 0.075 0.075)
(0.1 0.075 0.075)
(0.1125 0.075 0.075)
(0.125 0.075 0.075)
(0.1375 0.075 0.075)
(0.15 0.075 0.075)
(0.1625 0.075 0.075)
(0.175 0.075 0.075)
(0.1875 0.075 0.075)
(0.2 0.075 0.075)
(0.2125 0.075 0.075)
(0.225 0.075 0.075)
(0.2375 0.075 0.075)
(0.25 0.075 0.075)
(0.2625 0.075 0.075)
(0.275 0.075 0.075)
(0.2875 0.075 0.075)
(0.3 0.075 0.075)
(0.3125 0.075 0.075)
(0.325 0.075 0.075)
(0.3375 0.075 0.075)
(0.35 0.075 0.075)
(0.3625 0.075 0.075)
(0.375 0.075 0.075)
(0.3875 0.075 0.075)
(0.4 0.075 0.075)
(0 0.0875 0.075)
(0.0125 0.0875 0.075)
(0.025 0.0875 0.075)
(0.0375 0.0875 0.075)
(0.05 0.0875 0.075)
(0.0625 0.0875 0.075)
(0.075 0.0875 0.075)
(0.0875 0.0875 0.075)
(0.1 0.0875 0.075)
(0.1125 0.0875 0.075)
(0.125 0.0875 0.075)
(0.1375 0.0875 0.075)
(0.15 0.0875 0.075)
(0.1625 0.0875 0.075)
(0.175 0.0875 0.075)
(0.1875 0.0875 0.075)
(0.2 0.0875 0.075)
(0.2125 0.0875 0.075)
(0.225 0.0875 0.075)
(0.2375 0.0875 0.075)
(0.25 0.0875 0.075)
(0.2625 0.0875 0.075)
(0.275 0.0875 0.075)
(0.2875 0.0875 0.075)
(0.3 0.0875 0.075)
(0.3125 0.0875 0.075)
(0.325 0.0875 0.075)
(0.3375 0.0875 0.075)
(0.35 0.0875 0.075)
(0.3625 0.0875 0.075)
(0.375 0.0875 0.075)
(0.3875 0.0875 0.075)
(0.4 0.0875 0.075)
(0 0.1 0.075)
(0.0125 0.1 0.075)
(0.025 0.1 0.075)
(0.0375 0.1 0.075)
(0.05 0.1 0.075)
(0.0625 0.1 0.075)
(0.075 0.1 0.075)
(0.0875 0.1 0.075)
(0.1 0.1 0.075)
(0.1125 0.1 0.075)
(0.125 0.1 0.075)
(0.1375 0.1 0.075)
(0.15 0.1 0.075)
(0.1625 0.1 0.075)
(0.175 0.1 0.075)
(0.1875 0.1 0.075)
(0.2 0.1 0.075)
(0.2125 0.1 0.075)
(0.225 0.1 0.075)
(0.2375 0.1 0.075)
(0.25 0.1 0.075)
(0.2625 0.1 0.075)
(0.275 0.1 0.075)
(0.2875 0.1 0.075)
(0.3 0.1 0.075)
(0.3125 0.1 0.075)
(0.325 0.1 0.075)
(0.3375 0.1 0.075)
(0.35 0.1 0.075)
(0.3625 0.1 0.075)
(0.375 0.1 0.075)
(0.3875 0.1 0.075)
(0.4 0.1 0.075)
(0 0 0.0875)
(0.0125 0 0.0875)
(0.025 0 0.0875)
(0.0375 0 0.0875)
(0.05 0 0.0875)
(0.0625 0 0.0875)
(0.075 0 0.0875)
(0.0875 0 0.0875)
(0.1 0 0.0875)
(0.1125 0 0.0875)
(0.125 0 0.0875)
(0.1375 0 0.0875)
(0.15 0 0.0875)
(0.1625 0 0.0875)
(0.175 0 0.0875)
(0.1875 0 0.0875)
(0.2 0 0.0875)
(0.2125 0 0.0875)
(0.225 0 0.0875)
(0.2375 0 0.0875)
(0.25 0 0.0875)
(0.2625 0 0.0875)
(0.275 0 0.0875)
(0.2875 0 0.0875)
(0.3 0 0.0875)
(0.3125 0 0.0875)
(0.325 0 0.0875)
(0.3375 0 0.0875)
(0.35 0 0.0875)
(0.3625 0 0.0875)
(0.375 0 0.0875)
(0.3875 0 0.0875)
(0.4 0 0.0875)
(0 0.0125 0.0875)
(0.0125 0.0125 0.0875)
(0.025 0.0125 0.0875)
(0.0375 0.0125 0.0875)
(0.05 0.0125 0.0875)
(0.0625 0.0125 0.0875)
(0.075 0.0125 0.0875)
(0.0875 0.0125 0.0875)
(0.1 0.0125 0.0875)
(0.1125 0.0125 0.0875)
(0.125 0.0125 0.0875)
(0.1375 0.0125 0.0875)
(0.15 0.0125 0.0875)
(0.1625 0.0125 0.0875)
(0.175 0.0125 0.0875)
(0.1875 0.0125 0.0875)
(0.2 0.0125 0.0875)
(0.2125 0.0125 0.0875)
(0.225 0.0125 0.0875)
(0.2375 0.0125 0.0875)
(0.25 0.0125 0.0875)
(0.2625 0.0125 0.0875)
(0.275 0.0125 0.0875)
(0.2875 0.0125 0.0875)
(0.3 0.0125 0.0875)
(0.3125 0.0125 0.0875)
(0.325 0.0125 0.0875)
(0.3375 0.0125 0.0875)
(0.35 0.0125 0.0875)
(0.3625 0.0125 0.0875)
(0.375 0.0125 0.0875)
(0.3875 0.0125 0.0875)
(0.4 0.0125 0.0875)
(0 0.025 0.0875)
(0.0125 0.025 0.0875)
(0.025 0.025 0.0875)
(0.0375 0.025 0.0875)
(0.05 0.025 0.0875)
(0.0625 0.025 0.0875)
(0.075 0.025 0.0875)
(0.0875 0.025 0.0875)
(0.1 0.025 0.0875)
(0.1125 0.025 0.0875)
(0.125 0.025 0.0875)
(0.1375 0.025 0.0875)
(0.15 0.025 0.0875)
(0.1625 0.025 0.0875)
(0.175 0.025 0.0875)
(0.1875 0.025 0.0875)
(0.2 0.025 0.0875)
(0.2125 0.025 0.0875)
(0.225 0.025 0.0875)
(0.2375 0.025 0.0875)
(0.25 0.025 0.0875)
(0.2625 0.025 0.0875)
(0.275 0.025 0.0875)
(0.2875 0.025 0.0875)
(0.3 0.025 0.0875)
(0.3125 0.025 0.0875)
(0.325 0.025 0.0875)
(0.3375 0.025 0.0875)
(0.35 0.025 0.0875)
(0.3625 0.025 0.0875)
(0.375 0.025 0.0875)
(0.3875 0.025 0.0875)
(0.4 0.025 0.0875)
(0 0.0375 0.0875)
(0.0125 0.0375 0.0875)
(0.025 0.0375 0.0875)
(0.0375 0.0375 0.0875)
(0.05 0.0375 0.0875)
(0.0625 0.0375 0.0875)
(0.075 0.0375 0.0875)
(0.0875 0.0375 0.0875)
(0.1 0.0375 0.0875)
(0.1125 0.0375 0.0875)
(0.125 0.0375 0.0875)
(0.1375 0.0375 0.0875)
(0.15 0.0375 0.0875)
(0.1625 0.0375 0.0875)
(0.175 0.0375 0.0875)
(0.1875 0.0375 0.0875)
(0.2 0.0375 0.0875)
(0.2125 0.0375 0.0875)
(0.225 0.0375 0.0875)
(0.2375 0.0375 0.0875)
(0.25 0.0375 0.0875)
(0.2625 0.0375 0.0875)
(0.275 0.0375 0.0875)
(0.2875 0.0375 0.0875)
(0.3 0.0375 0.0875)
(0.3125 0.0375 0.0875)
(0.325 0.0375 0.0875)
(0.3375 0.0375 0.0875)
(0.35 0.0375 0.0875)
(0.3625 0.0375 0.0875)
(0.375 0.0375 0.0875)
(0.3875 0.0375 0.0875)
(0.4 0.0375 0.0875)
(0 0.05 0.0875)
(0.0125 0.05 0.0875)
(0.025 0.05 0.0875)
(0.0375 0.05 0.0875)
(0.05 0.05 0.0875)
(0.0625 0.05 0.0875)
(0.075 0.05 0.0875)
(0.0875 0.05 0.0875)
(0.1 0.05 0.0875)
(0.1125 0.05 0.0875)
(0.125 0.05 0.0875)
(0.1375 0.05 0.0875)
(0.15 0.05 0.0875)
(0.1625 0.05 0.0875)
(0.175 0.05 0.0875)
(0.1875 0.05 0.0875)
(0.2 0.05 0.0875)
(0.2125 0.05 0.0875)
(0.225 0.05 0.0875)
(0.2375 0.05 0.0875)
(0.25 0.05 0.0875)
(0.2625 0.05 0.0875)
(0.275 0.05 0.0875)
(0.2875 0.05 0.0875)
(0.3 0.05 0.0875)
(0.3125 0.05 0.0875)
(0.325 0.05 0.0875)
(0.3375 0.05 0.0875)
(0.35 0.05 0.0875)
(0.3625 0.05 0.0875)
(0.375 0.05 0.0875)
(0.3875 0.05 0.0875)
(0.4 0.05 0.0875)
(0 0.0625 0.0875)
(0.0125 0.0625 0.0875)
(0.025 0.0625 0.0875)
(0.0375 0.0625 0.0875)
(0.05 0.0625 0.0875)
(0.0625 0.0625 0.0875)
(0.075 0.0625 0.0875)
(0.0875 0.0625 0.0875)
(0.1 0.0625 0.0875)
(0.1125 0.0625 0.0875)
(0.125 0.0625 0.0875)
(0.1375 0.0625 0.0875)
(0.15 0.0625 0.0875)
(0.1625 0.0625 0.0875)
(0.175 0.0625 0.0875)
(0.1875 0.0625 0.0875)
(0.2 0.0625 0.0875)
(0.2125 0.0625 0.0875)
(0.225 0.0625 0.0875)
(0.2375 0.0625 0.0875)
(0.25 0.0625 0.0875)
(0.2625 0.0625 0.0875)
(0.275 0.0625 0.0875)
(0.2875 0.0625 0.0875)
(0.3 0.0625 0.0875)
(0.3125 0.0625 0.0875)
(0.325 0.0625 0.0875)
(0.3375 0.0625 0.0875)
(0.35 0.0625 0.0875)
(0.3625 0.0625 0.0875)
(0.375 0.0625 0.0875)
(0.3875 0.0625 0.0875)
(0.4 0.0625 0.0875)
(0 0.075 0.0875)
(0.0125 0.075 0.0875)
(0.025 0.075 0.0875)
(0.0375 0.075 0.0875)
(0.05 0.075 0.0875)
(0.0625 0.075 0.0875)
(0.075 0.075 0.0875)
(0.0875 0.075 0.0875)
(0.1 0.075 0.0875)
(0.1125 0.075 0.0875)
(0.125 0.075 0.0875)
(0.1375 0.075 0.0875)
(0.15 0.075 0.0875)
(0.1625 0.075 0.0875)
(0.175 0.075 0.0875)
(0.1875 0.075 0.0875)
(0.2 0.075 0.0875)
(0.2125 0.075 0.0875)
(0.225 0.075 0.0875)
(0.2375 0.075 0.0875)
(0.25 0.075 0.0875)
(0.2625 0.075 0.0875)
(0.275 0.075 0.0875)
(0.2875 0.075 0.0875)
(0.3 0.075 0.0875)
(0.3125 0.075 0.0875)
(0.325 0.075 0.0875)
(0.3375 0.075 0.0875)
(0.35 0.075 0.0875)
(0.3625 0.075 0.0875)
(0.375 0.075 0.0875)
(0.3875 0.075 0.0875)
(0.4 0.075 0.0875)
(0 0.0875 0.0875)
(0.0125 0.0875 0.0875)
(0.025 0.0875 0.0875)
(0.0375 0.0875 0.0875)
(0.05 0.0875 0.0875)
(0.0625 0.0875 0.0875)
(0.075 0.0875 0.0875)
(0.0875 0.0875 0.0875)
(0.1 0.0875 0.0875)
(0.1125 0.0875 0.0875)
(0.125 0.0875 0.0875)
(0.1375 0.0875 0.0875)
(0.15 0.0875 0.0875)
(0.1625 0.0875 0.0875)
(0.175 0.0875 0.0875)
(0.1875 0.0875 0.0875)
(0.2 0.0875 0.0875)
(0.2125 0.0875 0.0875)
(0.225 0.0875 0.0875)
(0.2375 0.0875 0.0875)
(0.25 0.0875 0.0875)
(0.2625 0.0875 0.0875)
(0.275 0.0875 0.0875)
(0.2875 0.0875 0.0875)
(0.3 0.0875 0.0875)
(0.3125 0.0875 0.0875)
(0.325 0.0875 0.0875)
(0.3375 0.0875 0.0875)
(0.35 0.0875 0.0875)
(0.3625 0.0875 0.0875)
(0.375 0.0875 0.0875)
(0.3875 0.0875 0.0875)
(0.4 0.0875 0.0875)
(0 0.1 0.0875)
(0.0125 0.1 0.0875)
(0.025 0.1 0.0875)
(0.0375 0.1 0.0875)
(0.05 0.1 0.0875)
(0.0625 0.1 0.0875)
(0.075 0.1 0.0875)
(0.0875 0.1 0.0875)
(0.1 0.1 0.0875)
(0.1125 0.1 0.0875)
(0.125 0.1 0.0875)
(0.1375 0.1 0.0875)
(0.15 0.1 0.0875)
(0.1625 0.1 0.0875)
(0.175 0.1 0.0875)
(0.1875 0.1 0.0875)
(0.2 0.1 0.0875)
(0.2125 0.1 0.0875)
(0.225 0.1 0.0875)
(0.2375 0.1 0.0875)
(0.25 0.1 0.0875)
(0.2625 0.1 0.0875)
(0.275 0.1 0.0875)
(0.2875 0.1 0.0875)
(0.3 0.1 0.0875)
(0.3125 0.1 0.0875)
(0.325 0.1 0.0875)
(0.3375 0.1 0.0875)
(0.35 0.1 0.0875)
(0.3625 0.1 0.0875)
(0.375 0.1 0.0875)
(0.3875 0.1 0.0875)
(0.4 0.1 0.0875)
(0 0 0.1)
(0.0125 0 0.1)
(0.025 0 0.1)
(0.0375 0 0.1)
(0.05 0 0.1)
(0.0625 0 0.1)
(0.075 0 0.1)
(0.0875 0 0.1)
(0.1 0 0.1)
(0.1125 0 0.1)
(0.125 0 0.1)
(0.1375 0 0.1)
(0.15 0 0.1)
(0.1625 0 0.1)
(0.175 0 0.1)
(0.1875 0 0.1)
(0.2 0 0.1)
(0.2125 0 0.1)
(0.225 0 0.1)
(0.2375 0 0.1)
(0.25 0 0.1)
(0.2625 0 0.1)
(0.275 0 0.1)
(0.2875 0 0.1)
(0.3 0 0.1)
(0.3125 0 0.1)
(0.325 0 0.1)
(0.3375 0 0.1)
(0.35 0 0.1)
(0.3625 0 0.1)
(0.375 0 0.1)
(0.3875 0 0.1)
(0.4 0 0.1)
(0 0.0125 0.1)
(0.0125 0.0125 0.1)
(0.025 0.0125 0.1)
(0.0375 0.0125 0.1)
(0.05 0.0125 0.1)
(0.0625 0.0125 0.1)
(0.075 0.0125 0.1)
(0.0875 0.0125 0.1)
(0.1 0.0125 0.1)
(0.1125 0.0125 0.1)
(0.125 0.0125 0.1)
(0.1375 0.0125 0.1)
(0.15 0.0125 0.1)
(0.1625 0.0125 0.1)
(0.175 0.0125 0.1)
(0.1875 0.0125 0.1)
(0.2 0.0125 0.1)
(0.2125 0.0125 0.1)
(0.225 0.0125 0.1)
(0.2375 0.0125 0.1)
(0.25 0.0125 0.1)
(0.2625 0.0125 0.1)
(0.275 0.0125 0.1)
(0.2875 0.0125 0.1)
(0.3 0.0125 0.1)
(0.3125 0.0125 0.1)
(0.325 0.0125 0.1)
(0.3375 0.0125 0.1)
(0.35 0.0125 0.1)
(0.3625 0.0125 0.1)
(0.375 0.0125 0.1)
(0.3875 0.0125 0.1)
(0.4 0.0125 0.1)
(0 0.025 0.1)
(0.0125 0.025 0.1)
(0.025 0.025 0.1)
(0.0375 0.025 0.1)
(0.05 0.025 0.1)
(0.0625 0.025 0.1)
(0.075 0.025 0.1)
(0.0875 0.025 0.1)
(0.1 0.025 0.1)
(0.1125 0.025 0.1)
(0.125 0.025 0.1)
(0.1375 0.025 0.1)
(0.15 0.025 0.1)
(0.1625 0.025 0.1)
(0.175 0.025 0.1)
(0.1875 0.025 0.1)
(0.2 0.025 0.1)
(0.2125 0.025 0.1)
(0.225 0.025 0.1)
(0.2375 0.025 0.1)
(0.25 0.025 0.1)
(0.2625 0.025 0.1)
(0.275 0.025 0.1)
(0.2875 0.025 0.1)
(0.3 0.025 0.1)
(0.3125 0.025 0.1)
(0.325 0.025 0.1)
(0.3375 0.025 0.1)
(0.35 0.025 0.1)
(0.3625 0.025 0.1)
(0.375 0.025 0.1)
(0.3875 0.025 0.1)
(0.4 0.025 0.1)
(0 0.0375 0.1)
(0.0125 0.0375 0.1)
(0.025 0.0375 0.1)
(0.0375 0.0375 0.1)
(0.05 0.0375 0.1)
(0.0625 0.0375 0.1)
(0.075 0.0375 0.1)
(0.0875 0.0375 0.1)
(0.1 0.0375 0.1)
(0.1125 0.0375 0.1)
(0.125 0.0375 0.1)
(0.1375 0.0375 0.1)
(0.15 0.0375 0.1)
(0.1625 0.0375 0.1)
(0.175 0.0375 0.1)
(0.1875 0.0375 0.1)
(0.2 0.0375 0.1)
(0.2125 0.0375 0.1)
(0.225 0.0375 0.1)
(0.2375 0.0375 0.1)
(0.25 0.0375 0.1)
(0.2625 0.0375 0.1)
(0.275 0.0375 0.1)
(0.2875 0.0375 0.1)
(0.3 0.0375 0.1)
(0.3125 0.0375 0.1)
(0.325 0.0375 0.1)
(0.3375 0.0375 0.1)
(0.35 0.0375 0.1)
(0.3625 0.0375 0.1)
(0.375 0.0375 0.1)
(0.3875 0.0375 0.1)
(0.4 0.0375 0.1)
(0 0.05 0.1)
(0.0125 0.05 0.1)
(0.025 0.05 0.1)
(0.0375 0.05 0.1)
(0.05 0.05 0.1)
(0.0625 0.05 0.1)
(0.075 0.05 0.1)
(0.0875 0.05 0.1)
(0.1 0.05 0.1)
(0.1125 0.05 0.1)
(0.125 0.05 0.1)
(0.1375 0.05 0.1)
(0.15 0.05 0.1)
(0.1625 0.05 0.1)
(0.175 0.05 0.1)
(0.1875 0.05 0.1)
(0.2 0.05 0.1)
(0.2125 0.05 0.1)
(0.225 0.05 0.1)
(0.2375 0.05 0.1)
(0.25 0.05 0.1)
(0.2625 0.05 0.1)
(0.275 0.05 0.1)
(0.2875 0.05 0.1)
(0.3 0.05 0.1)
(0.3125 0.05 0.1)
(0.325 0.05 0.1)
(0.3375 0.05 0.1)
(0.35 0.05 0.1)
(0.3625 0.05 0.1)
(0.375 0.05 0.1)
(0.3875 0.05 0.1)
(0.4 0.05 0.1)
(0 0.0625 0.1)
(0.0125 0.0625 0.1)
(0.025 0.0625 0.1)
(0.0375 0.0625 0.1)
(0.05 0.0625 0.1)
(0.0625 0.0625 0.1)
(0.075 0.0625 0.1)
(0.0875 0.0625 0.1)
(0.1 0.0625 0.1)
(0.1125 0.0625 0.1)
(0.125 0.0625 0.1)
(0.1375 0.0625 0.1)
(0.15 0.0625 0.1)
(0.1625 0.0625 0.1)
(0.175 0.0625 0.1)
(0.1875 0.0625 0.1)
(0.2 0.0625 0.1)
(0.2125 0.0625 0.1)
(0.225 0.0625 0.1)
(0.2375 0.0625 0.1)
(0.25 0.0625 0.1)
(0.2625 0.0625 0.1)
(0.275 0.0625 0.1)
(0.2875 0.0625 0.1)
(0.3 0.0625 0.1)
(0.3125 0.0625 0.1)
(0.325 0.0625 0.1)
(0.3375 0.0625 0.1)
(0.35 0.0625 0.1)
(0.3625 0.0625 0.1)
(0.375 0.0625 0.1)
(0.3875 0.0625 0.1)
(0.4 0.0625 0.1)
(0 0.075 0.1)
(0.0125 0.075 0.1)
(0.025 0.075 0.1)
(0.0375 0.075 0.1)
(0.05 0.075 0.1)
(0.0625 0.075 0.1)
(0.075 0.075 0.1)
(0.0875 0.075 0.1)
(0.1 0.075 0.1)
(0.1125 0.075 0.1)
(0.125 0.075 0.1)
(0.1375 0.075 0.1)
(0.15 0.075 0.1)
(0.1625 0.075 0.1)
(0.175 0.075 0.1)
(0.1875 0.075 0.1)
(0.2 0.075 0.1)
(0.2125 0.075 0.1)
(0.225 0.075 0.1)
(0.2375 0.075 0.1)
(0.25 0.075 0.1)
(0.2625 0.075 0.1)
(0.275 0.075 0.1)
(0.2875 0.075 0.1)
(0.3 0.075 0.1)
(0.3125 0.075 0.1)
(0.325 0.075 0.1)
(0.3375 0.075 0.1)
(0.35 0.075 0.1)
(0.3625 0.075 0.1)
(0.375 0.075 0.1)
(0.3875 0.075 0.1)
(0.4 0.075 0.1)
(0 0.0875 0.1)
(0.0125 0.0875 0.1)
(0.025 0.0875 0.1)
(0.0375 0.0875 0.1)
(0.05 0.0875 0.1)
(0.0625 0.0875 0.1)
(0.075 0.0875 0.1)
(0.0875 0.0875 0.1)
(0.1 0.0875 0.1)
(0.1125 0.0875 0.1)
(0.125 0.0875 0.1)
(0.1375 0.0875 0.1)
(0.15 0.0875 0.1)
(0.1625 0.0875 0.1)
(0.175 0.0875 0.1)
(0.1875 0.0875 0.1)
(0.2 0.0875 0.1)
(0.2125 0.0875 0.1)
(0.225 0.0875 0.1)
(0.2375 0.0875 0.1)
(0.25 0.0875 0.1)
(0.2625 0.0875 0.1)
(0.275 0.0875 0.1)
(0.2875 0.0875 0.1)
(0.3 0.0875 0.1)
(0.3125 0.0875 0.1)
(0.325 0.0875 0.1)
(0.3375 0.0875 0.1)
(0.35 0.0875 0.1)
(0.3625 0.0875 0.1)
(0.375 0.0875 0.1)
(0.3875 0.0875 0.1)
(0.4 0.0875 0.1)
(0 0.1 0.1)
(0.0125 0.1 0.1)
(0.025 0.1 0.1)
(0.0375 0.1 0.1)
(0.05 0.1 0.1)
(0.0625 0.1 0.1)
(0.075 0.1 0.1)
(0.0875 0.1 0.1)
(0.1 0.1 0.1)
(0.1125 0.1 0.1)
(0.125 0.1 0.1)
(0.1375 0.1 0.1)
(0.15 0.1 0.1)
(0.1625 0.1 0.1)
(0.175 0.1 0.1)
(0.1875 0.1 0.1)
(0.2 0.1 0.1)
(0.2125 0.1 0.1)
(0.225 0.1 0.1)
(0.2375 0.1 0.1)
(0.25 0.1 0.1)
(0.2625 0.1 0.1)
(0.275 0.1 0.1)
(0.2875 0.1 0.1)
(0.3 0.1 0.1)
(0.3125 0.1 0.1)
(0.325 0.1 0.1)
(0.3375 0.1 0.1)
(0.35 0.1 0.1)
(0.3625 0.1 0.1)
(0.375 0.1 0.1)
(0.3875 0.1 0.1)
(0.4 0.1 0.1)
)


// ************************************************************************* //
