/*--------------------------------*- C++ -*----------------------------------*\
| =========                 |                                                 |
| \\      /  F ield         | OpenFOAM: The Open Source CFD Toolbox           |
|  \\    /   O peration     | Version:  2506                                  |
|   \\  /    A nd           | Website:  www.openfoam.com                      |
|    \\/     M anipulation  |                                                 |
\*---------------------------------------------------------------------------*/
FoamFile
{
    version     2.0;
    format      ascii;
    arch        "LSB;label=32;scalar=64";
    class       labelList;
    location    "constant/polyMesh";
    object      faceProcAddressing;
}
// * * * * * * * * * * * * * * * * * * * * * * * * * * * * * * * * * * * * * //


1872
(
2913
2914
2915
2916
2917
2918
2919
2920
2921
2922
2923
2924
2925
2926
2927
2928
2929
2930
2931
2932
2933
2934
2935
2936
2937
2938
2939
2940
2941
2942
2943
2944
2945
2946
2947
2948
2949
2950
2951
2952
2953
2954
2955
2956
2957
2958
2959
2960
2961
2962
2963
2964
2965
2966
2967
2968
2969
2970
2971
2972
2973
2974
2975
2976
2977
2978
2979
2980
2981
2982
2983
2984
2985
2986
2987
2988
2989
2990
2991
2992
2993
2994
2995
2996
2997
2998
2999
3000
3001
3002
3003
3004
3005
3006
3007
3008
3009
3010
3011
3012
3013
3014
3015
3016
3017
3018
3019
3020
3021
3022
3023
3024
3025
3026
3027
3028
3029
3030
3031
3032
3033
3034
3035
3036
3037
3038
3039
3040
3041
3042
3043
3044
3045
3046
3047
3048
3049
3050
3051
3052
3053
3054
3055
3056
3057
3058
3059
3060
3061
3062
3063
3064
3065
3066
3067
3068
3069
3070
3071
3072
3073
3074
3075
3076
3077
3078
3079
3080
3081
3082
3083
3084
3085
3086
3087
3088
3089
3090
3091
3092
3093
3094
3095
3096
3097
3098
3099
3100
3101
3102
3103
3104
3105
3106
3107
3108
3109
3110
3111
3112
3113
3114
3115
3116
3117
3118
3119
3120
3121
3122
3123
3124
3125
3126
3127
3128
3129
3130
3131
3132
3133
3134
3135
3136
3137
3138
3139
3140
3141
3142
3143
3144
3145
3146
3147
3148
3149
3150
3151
3152
3153
3154
3155
3156
3157
3158
3159
3160
3161
3162
3163
3164
3165
3166
3167
3168
3169
3170
3171
3172
3173
3174
3175
3176
3177
3178
3179
3180
3181
3182
3183
3184
3185
3186
3187
3188
3189
3190
3191
3192
3193
3194
3195
3196
3197
3198
3199
3200
3201
3202
3203
3204
3205
3206
3207
3208
3209
3210
3211
3212
3213
3214
3215
3216
3217
3218
3219
3220
3221
3222
3223
3224
3225
3226
3227
3228
3229
3230
3231
3232
3233
3234
3235
3236
3237
3238
3239
3240
3241
3242
3243
3244
3245
3246
3247
3248
3249
3250
3251
3252
3253
3254
3255
3256
3257
3258
3259
3260
3261
3262
3263
3264
3265
3266
3267
3268
3269
3270
3271
3272
3273
3274
3275
3276
3277
3278
3279
3280
3281
3282
3283
3284
3285
3286
3287
3288
3289
3290
3291
3292
3293
3294
3295
3296
3297
3298
3299
3300
3301
3302
3303
3304
3305
3306
3307
3308
3309
3310
3311
3312
3313
3314
3315
3316
3317
3318
3319
3320
3321
3322
3323
3324
3325
3326
3327
3328
3329
3330
3331
3332
3333
3334
3335
3336
3337
3338
3339
3340
3341
3342
3343
3344
3345
3346
3347
3348
3349
3350
3351
3352
3353
3354
3355
3356
3357
3358
3359
3360
3361
3362
3363
3364
3365
3366
3367
3368
3369
3370
3371
3372
3373
3374
3375
3376
3377
3378
3379
3380
3381
3382
3383
3384
3385
3386
3387
3388
3389
3390
3391
3392
3393
3394
3395
3396
3397
3398
3399
3400
3401
3402
3403
3404
3405
3406
3407
3408
3409
3410
3411
3412
3413
3414
3415
3416
3417
3418
3419
3420
3421
3422
3423
3424
3425
3426
3427
3428
3429
3430
3431
3432
3433
3434
3435
3436
3437
3438
3439
3440
3441
3442
3443
3444
3445
3446
3447
3448
3449
3450
3451
3452
3453
3454
3455
3456
3457
3458
3459
3460
3461
3462
3463
3464
3465
3466
3467
3468
3469
3470
3471
3472
3473
3474
3475
3476
3477
3478
3479
3480
3481
3482
3483
3484
3485
3486
3487
3488
3489
3490
3491
3492
3493
3494
3495
3496
3497
3498
3499
3500
3501
3502
3503
3504
3505
3506
3507
3508
3509
3510
3511
3512
3513
3514
3515
3516
3517
3518
3519
3520
3521
3522
3523
3524
3525
3526
3527
3528
3529
3530
3531
3532
3533
3534
3535
3536
3537
3538
3539
3540
3541
3542
3543
3544
3545
3546
3547
3548
3549
3550
3551
3552
3553
3554
3555
3556
3557
3558
3559
3560
3561
3562
3563
3564
3565
3566
3567
3568
3569
3570
3571
3572
3573
3574
3575
3576
3577
3578
3579
3580
3581
3582
3583
3584
3585
3586
3587
3588
3589
3590
3591
3592
3593
3594
3595
3596
3597
3598
3599
3600
3601
3602
3603
3604
3605
3606
3607
3608
3609
3610
3611
3612
3613
3614
3615
3616
3617
3618
3619
3620
3621
3622
3623
3624
3625
3626
3627
3628
3629
3630
3631
3632
3633
3634
3635
3636
3637
3638
3639
3640
3641
3642
3644
3645
3647
3648
3650
3651
3653
3654
3656
3657
3659
3660
3662
3663
3665
3666
3668
3669
3671
3672
3674
3675
3677
3678
3680
3681
3683
3684
3686
3687
3689
3690
3692
3693
3695
3696
3698
3699
3701
3702
3704
3705
3707
3708
3710
3711
3713
3714
3716
3717
3719
3720
3722
3723
3725
3726
3728
3729
3731
3732
3734
3736
3737
3739
3740
3742
3743
3745
3746
3748
3749
3751
3752
3754
3755
3757
3758
3760
3761
3763
3764
3766
3767
3769
3770
3772
3773
3775
3776
3778
3779
3781
3782
3784
3785
3787
3788
3790
3791
3793
3794
3796
3797
3799
3800
3802
3803
3805
3806
3808
3809
3811
3812
3814
3815
3817
3818
3820
3821
3823
3824
3826
3827
3829
3831
3832
3834
3835
3837
3838
3840
3841
3843
3844
3846
3847
3849
3850
3852
3853
3855
3856
3858
3859
3861
3862
3864
3865
3867
3868
3870
3871
3873
3874
3876
3877
3879
3880
3882
3883
3885
3886
3888
3889
3891
3892
3894
3895
3897
3898
3900
3901
3903
3904
3906
3907
3909
3910
3912
3913
3915
3916
3918
3919
3921
3922
3924
3926
3927
3929
3930
3932
3933
3935
3936
3938
3939
3941
3942
3944
3945
3947
3948
3950
3951
3953
3954
3956
3957
3959
3960
3962
3963
3965
3966
3968
3969
3971
3972
3974
3975
3977
3978
3980
3981
3983
3984
3986
3987
3989
3990
3992
3993
3995
3996
3998
3999
4001
4002
4004
4005
4007
4008
4010
4011
4013
4014
4016
4017
4019
4021
4022
4024
4025
4027
4028
4030
4031
4033
4034
4036
4037
4039
4040
4042
4043
4045
4046
4048
4049
4051
4052
4054
4055
4057
4058
4060
4061
4063
4064
4066
4067
4069
4070
4072
4073
4075
4076
4078
4079
4081
4082
4084
4085
4087
4088
4090
4091
4093
4094
4096
4097
4099
4100
4102
4103
4105
4106
4108
4109
4111
4112
4114
4116
4117
4119
4120
4122
4123
4125
4126
4128
4129
4131
4132
4134
4135
4137
4138
4140
4141
4143
4144
4146
4147
4149
4150
4152
4153
4155
4156
4158
4159
4161
4162
4164
4165
4167
4168
4170
4171
4173
4174
4176
4177
4179
4180
4182
4183
4185
4186
4188
4189
4191
4192
4194
4195
4197
4198
4200
4201
4203
4204
4206
4207
4209
4211
4212
4214
4215
4217
4218
4220
4221
4223
4224
4226
4227
4229
4230
4232
4233
4235
4236
4238
4239
4241
4242
4244
4245
4247
4248
4250
4251
4253
4254
4256
4257
4259
4260
4262
4263
4265
4266
4268
4269
4271
4272
4274
4275
4277
4278
4280
4281
4283
4284
4286
4287
4289
4290
4292
4293
4295
4296
4298
4299
4301
4302
4304
4306
4308
4310
4312
4314
4316
4318
4320
4322
4324
4326
4328
4330
4332
4334
4336
4338
4340
4342
4344
4346
4348
4350
4352
4354
4356
4358
4360
4362
4364
4366
6085
6086
6093
6094
6101
6102
6109
6110
6117
6118
6125
6126
6133
6134
6141
6142
6149
6150
6157
6158
6165
6166
6173
6174
6181
6182
6189
6190
6197
6198
6205
6206
6213
6214
6221
6222
6229
6230
6237
6238
6245
6246
6253
6254
6261
6262
6269
6270
6277
6278
6285
6286
6293
6294
6301
6302
6309
6310
6317
6318
6325
6326
6333
6334
6341
6342
6349
6350
6357
6358
6365
6366
6373
6374
6381
6382
6389
6390
6397
6398
6405
6406
6413
6414
6421
6422
6429
6430
6437
6438
6445
6446
6453
6454
6461
6462
6469
6470
6477
6478
6485
6486
6493
6494
6501
6502
6509
6510
6517
6518
6525
6526
6533
6534
6541
6542
6549
6550
6557
6558
6565
6566
6573
6574
6581
6582
6589
6590
6625
6626
6627
6628
6629
6630
6631
6632
6633
6634
6635
6636
6637
6638
6639
6640
6689
6690
6691
6692
6693
6694
6695
6696
6697
6698
6699
6700
6701
6702
6703
6704
-2187
-2190
-2193
-2196
-2199
-2202
-2205
-2208
-2211
-2214
-2217
-2220
-2223
-2226
-2229
-2232
-2235
-2238
-2241
-2244
-2247
-2250
-2253
-2256
-2259
-2262
-2265
-2268
-2271
-2274
-2277
-2279
-2282
-2285
-2288
-2291
-2294
-2297
-2300
-2303
-2306
-2309
-2312
-2315
-2318
-2321
-2324
-2327
-2330
-2333
-2336
-2339
-2342
-2345
-2348
-2351
-2354
-2357
-2360
-2363
-2366
-2369
-2372
-2374
-2377
-2380
-2383
-2386
-2389
-2392
-2395
-2398
-2401
-2404
-2407
-2410
-2413
-2416
-2419
-2422
-2425
-2428
-2431
-2434
-2437
-2440
-2443
-2446
-2449
-2452
-2455
-2458
-2461
-2464
-2467
-2469
-2472
-2475
-2478
-2481
-2484
-2487
-2490
-2493
-2496
-2499
-2502
-2505
-2508
-2511
-2514
-2517
-2520
-2523
-2526
-2529
-2532
-2535
-2538
-2541
-2544
-2547
-2550
-2553
-2556
-2559
-2562
-2564
-2567
-2570
-2573
-2576
-2579
-2582
-2585
-2588
-2591
-2594
-2597
-2600
-2603
-2606
-2609
-2612
-2615
-2618
-2621
-2624
-2627
-2630
-2633
-2636
-2639
-2642
-2645
-2648
-2651
-2654
-2657
-2659
-2662
-2665
-2668
-2671
-2674
-2677
-2680
-2683
-2686
-2689
-2692
-2695
-2698
-2701
-2704
-2707
-2710
-2713
-2716
-2719
-2722
-2725
-2728
-2731
-2734
-2737
-2740
-2743
-2746
-2749
-2752
-2754
-2757
-2760
-2763
-2766
-2769
-2772
-2775
-2778
-2781
-2784
-2787
-2790
-2793
-2796
-2799
-2802
-2805
-2808
-2811
-2814
-2817
-2820
-2823
-2826
-2829
-2832
-2835
-2838
-2841
-2844
-2847
-2849
-2851
-2853
-2855
-2857
-2859
-2861
-2863
-2865
-2867
-2869
-2871
-2873
-2875
-2877
-2879
-2881
-2883
-2885
-2887
-2889
-2891
-2893
-2895
-2897
-2899
-2901
-2903
-2905
-2907
-2909
-2911
-2912
3643
3646
3649
3652
3655
3658
3661
3664
3667
3670
3673
3676
3679
3682
3685
3688
3691
3694
3697
3700
3703
3706
3709
3712
3715
3718
3721
3724
3727
3730
3733
3735
3738
3741
3744
3747
3750
3753
3756
3759
3762
3765
3768
3771
3774
3777
3780
3783
3786
3789
3792
3795
3798
3801
3804
3807
3810
3813
3816
3819
3822
3825
3828
3830
3833
3836
3839
3842
3845
3848
3851
3854
3857
3860
3863
3866
3869
3872
3875
3878
3881
3884
3887
3890
3893
3896
3899
3902
3905
3908
3911
3914
3917
3920
3923
3925
3928
3931
3934
3937
3940
3943
3946
3949
3952
3955
3958
3961
3964
3967
3970
3973
3976
3979
3982
3985
3988
3991
3994
3997
4000
4003
4006
4009
4012
4015
4018
4020
4023
4026
4029
4032
4035
4038
4041
4044
4047
4050
4053
4056
4059
4062
4065
4068
4071
4074
4077
4080
4083
4086
4089
4092
4095
4098
4101
4104
4107
4110
4113
4115
4118
4121
4124
4127
4130
4133
4136
4139
4142
4145
4148
4151
4154
4157
4160
4163
4166
4169
4172
4175
4178
4181
4184
4187
4190
4193
4196
4199
4202
4205
4208
4210
4213
4216
4219
4222
4225
4228
4231
4234
4237
4240
4243
4246
4249
4252
4255
4258
4261
4264
4267
4270
4273
4276
4279
4282
4285
4288
4291
4294
4297
4300
4303
4305
4307
4309
4311
4313
4315
4317
4319
4321
4323
4325
4327
4329
4331
4333
4335
4337
4339
4341
4343
4345
4347
4349
4351
4353
4355
4357
4359
4361
4363
4365
4367
4368
)


// ************************************************************************* //
